5.000000000000000000e-01 5.000000000000000000e-01 1.006666645407676697e-01
5.000000000000000000e-01 5.000000000000000000e-01 1.013333275914192200e-01
5.000000000000000000e-01 5.000000000000000000e-01 1.019999906420707703e-01
5.000000000000000000e-01 5.000000000000000000e-01 1.026666536927223206e-01
5.000000000000000000e-01 5.000000000000000000e-01 1.033333167433738708e-01
5.000000000000000000e-01 5.000000000000000000e-01 1.039999797940254211e-01
5.000000000000000000e-01 5.000000000000000000e-01 1.046666428446769714e-01
5.000000000000000000e-01 5.000000000000000000e-01 1.053333058953285217e-01
5.000000000000000000e-01 5.000000000000000000e-01 1.059999689459800720e-01
5.000000000000000000e-01 5.000000000000000000e-01 1.066666319966316223e-01
5.000000000000000000e-01 5.000000000000000000e-01 1.073332950472831726e-01
5.000000000000000000e-01 5.000000000000000000e-01 1.079999580979347229e-01
5.000000000000000000e-01 5.000000000000000000e-01 1.086666211485862732e-01
5.000000000000000000e-01 5.000000000000000000e-01 1.093332841992378235e-01
5.000000000000000000e-01 5.000000000000000000e-01 1.099999472498893738e-01
5.000000000000000000e-01 5.000000000000000000e-01 1.106666103005409241e-01
5.000000000000000000e-01 5.000000000000000000e-01 1.113332733511924744e-01
5.000000000000000000e-01 5.000000000000000000e-01 1.119999364018440247e-01
5.000000000000000000e-01 5.000000000000000000e-01 1.126665994524955750e-01
5.000000000000000000e-01 5.000000000000000000e-01 1.133332625031471252e-01
5.000000000000000000e-01 5.000000000000000000e-01 1.139999255537986755e-01
5.000000000000000000e-01 5.000000000000000000e-01 1.146665886044502258e-01
5.000000000000000000e-01 5.000000000000000000e-01 1.153332516551017761e-01
5.000000000000000000e-01 5.000000000000000000e-01 1.159999147057533264e-01
5.000000000000000000e-01 5.000000000000000000e-01 1.166665777564048767e-01
5.000000000000000000e-01 5.000000000000000000e-01 1.173332408070564270e-01
5.000000000000000000e-01 5.000000000000000000e-01 1.179999038577079773e-01
5.000000000000000000e-01 5.000000000000000000e-01 1.186665669083595276e-01
5.000000000000000000e-01 5.000000000000000000e-01 1.193332299590110779e-01
5.000000000000000000e-01 5.000000000000000000e-01 1.199998930096626282e-01
5.000000000000000000e-01 5.000000000000000000e-01 1.206665560603141785e-01
5.000000000000000000e-01 5.000000000000000000e-01 1.213332191109657288e-01
5.000000000000000000e-01 5.000000000000000000e-01 1.219998821616172791e-01
5.000000000000000000e-01 5.000000000000000000e-01 1.226665452122688293e-01
5.000000000000000000e-01 5.000000000000000000e-01 1.233332082629203796e-01
5.000000000000000000e-01 5.000000000000000000e-01 1.239998713135719299e-01
5.000000000000000000e-01 5.000000000000000000e-01 1.246665343642234802e-01
5.000000000000000000e-01 5.000000000000000000e-01 1.253332048654556274e-01
5.000000000000000000e-01 5.000000000000000000e-01 1.259998679161071777e-01
5.000000000000000000e-01 5.000000000000000000e-01 1.266665309667587280e-01
5.000000000000000000e-01 5.000000000000000000e-01 1.273331940174102783e-01
5.000000000000000000e-01 5.000000000000000000e-01 1.279998570680618286e-01
5.000000000000000000e-01 5.000000000000000000e-01 1.286665201187133789e-01
5.000000000000000000e-01 5.000000000000000000e-01 1.293331831693649292e-01
5.000000000000000000e-01 5.000000000000000000e-01 1.299998462200164795e-01
5.000000000000000000e-01 5.000000000000000000e-01 1.306665092706680298e-01
5.000000000000000000e-01 5.000000000000000000e-01 1.313331723213195801e-01
5.000000000000000000e-01 5.000000000000000000e-01 1.319998353719711304e-01
5.000000000000000000e-01 5.000000000000000000e-01 1.326664984226226807e-01
5.000000000000000000e-01 5.000000000000000000e-01 1.333331614732742310e-01
5.000000000000000000e-01 5.000000000000000000e-01 1.339998245239257812e-01
5.000000000000000000e-01 5.000000000000000000e-01 1.346664875745773315e-01
5.000000000000000000e-01 5.000000000000000000e-01 1.353331506252288818e-01
5.000000000000000000e-01 5.000000000000000000e-01 1.359998136758804321e-01
5.000000000000000000e-01 5.000000000000000000e-01 1.366664767265319824e-01
5.000000000000000000e-01 5.000000000000000000e-01 1.373331397771835327e-01
5.000000000000000000e-01 5.000000000000000000e-01 1.379998028278350830e-01
5.000000000000000000e-01 5.000000000000000000e-01 1.386664658784866333e-01
5.000000000000000000e-01 5.000000000000000000e-01 1.393331289291381836e-01
5.000000000000000000e-01 5.000000000000000000e-01 1.399997919797897339e-01
5.000000000000000000e-01 5.000000000000000000e-01 1.406664550304412842e-01
5.000000000000000000e-01 5.000000000000000000e-01 1.413331180810928345e-01
5.000000000000000000e-01 5.000000000000000000e-01 1.419997811317443848e-01
5.000000000000000000e-01 5.000000000000000000e-01 1.426664441823959351e-01
5.000000000000000000e-01 5.000000000000000000e-01 1.433331072330474854e-01
5.000000000000000000e-01 5.000000000000000000e-01 1.439997702836990356e-01
5.000000000000000000e-01 5.000000000000000000e-01 1.446664333343505859e-01
5.000000000000000000e-01 5.000000000000000000e-01 1.453330963850021362e-01
5.000000000000000000e-01 5.000000000000000000e-01 1.459997594356536865e-01
5.000000000000000000e-01 5.000000000000000000e-01 1.466664224863052368e-01
5.000000000000000000e-01 5.000000000000000000e-01 1.473330855369567871e-01
5.000000000000000000e-01 5.000000000000000000e-01 1.479997485876083374e-01
5.000000000000000000e-01 5.000000000000000000e-01 1.486664116382598877e-01
5.000000000000000000e-01 5.000000000000000000e-01 1.493330746889114380e-01
5.000000000000000000e-01 5.000000000000000000e-01 1.499997377395629883e-01
5.000000000000000000e-01 5.000000000000000000e-01 1.506664007902145386e-01
5.000000000000000000e-01 5.000000000000000000e-01 1.513330638408660889e-01
5.000000000000000000e-01 5.000000000000000000e-01 1.519997268915176392e-01
5.000000000000000000e-01 5.000000000000000000e-01 1.526663899421691895e-01
5.000000000000000000e-01 5.000000000000000000e-01 1.533330529928207397e-01
5.000000000000000000e-01 5.000000000000000000e-01 1.539997160434722900e-01
5.000000000000000000e-01 5.000000000000000000e-01 1.546663790941238403e-01
5.000000000000000000e-01 5.000000000000000000e-01 1.553330421447753906e-01
5.000000000000000000e-01 5.000000000000000000e-01 1.559997051954269409e-01
5.000000000000000000e-01 5.000000000000000000e-01 1.566663682460784912e-01
5.000000000000000000e-01 5.000000000000000000e-01 1.573330312967300415e-01
5.000000000000000000e-01 5.000000000000000000e-01 1.579996943473815918e-01
5.000000000000000000e-01 5.000000000000000000e-01 1.586663573980331421e-01
5.000000000000000000e-01 5.000000000000000000e-01 1.593330204486846924e-01
5.000000000000000000e-01 5.000000000000000000e-01 1.599996834993362427e-01
5.000000000000000000e-01 5.000000000000000000e-01 1.606663465499877930e-01
5.000000000000000000e-01 5.000000000000000000e-01 1.613330096006393433e-01
5.000000000000000000e-01 5.000000000000000000e-01 1.619996726512908936e-01
5.000000000000000000e-01 5.000000000000000000e-01 1.626663357019424438e-01
5.000000000000000000e-01 5.000000000000000000e-01 1.633329987525939941e-01
5.000000000000000000e-01 5.000000000000000000e-01 1.639996618032455444e-01
5.000000000000000000e-01 5.000000000000000000e-01 1.646663248538970947e-01
5.000000000000000000e-01 5.000000000000000000e-01 1.653329879045486450e-01
5.000000000000000000e-01 5.000000000000000000e-01 1.659996509552001953e-01
5.000000000000000000e-01 5.000000000000000000e-01 1.666663140058517456e-01
5.000000000000000000e-01 5.000000000000000000e-01 1.673329770565032959e-01
5.000000000000000000e-01 5.000000000000000000e-01 1.679996401071548462e-01
5.000000000000000000e-01 5.000000000000000000e-01 1.686663031578063965e-01
5.000000000000000000e-01 5.000000000000000000e-01 1.693329662084579468e-01
5.000000000000000000e-01 5.000000000000000000e-01 1.699996292591094971e-01
5.000000000000000000e-01 5.000000000000000000e-01 1.706662923097610474e-01
5.000000000000000000e-01 5.000000000000000000e-01 1.713329553604125977e-01
5.000000000000000000e-01 5.000000000000000000e-01 1.719996184110641479e-01
5.000000000000000000e-01 5.000000000000000000e-01 1.726662814617156982e-01
5.000000000000000000e-01 5.000000000000000000e-01 1.733329445123672485e-01
5.000000000000000000e-01 5.000000000000000000e-01 1.739996075630187988e-01
5.000000000000000000e-01 5.000000000000000000e-01 1.746662706136703491e-01
5.000000000000000000e-01 5.000000000000000000e-01 1.753329336643218994e-01
5.000000000000000000e-01 5.000000000000000000e-01 1.759995967149734497e-01
5.000000000000000000e-01 5.000000000000000000e-01 1.766662597656250000e-01
5.000000000000000000e-01 5.000000000000000000e-01 1.773329228162765503e-01
5.000000000000000000e-01 5.000000000000000000e-01 1.779995858669281006e-01
5.000000000000000000e-01 5.000000000000000000e-01 1.786662489175796509e-01
5.000000000000000000e-01 5.000000000000000000e-01 1.793329119682312012e-01
5.000000000000000000e-01 5.000000000000000000e-01 1.799995750188827515e-01
5.000000000000000000e-01 5.000000000000000000e-01 1.806662380695343018e-01
5.000000000000000000e-01 5.000000000000000000e-01 1.813329011201858521e-01
5.000000000000000000e-01 5.000000000000000000e-01 1.819995641708374023e-01
5.000000000000000000e-01 5.000000000000000000e-01 1.826662272214889526e-01
5.000000000000000000e-01 5.000000000000000000e-01 1.833328902721405029e-01
5.000000000000000000e-01 5.000000000000000000e-01 1.839995533227920532e-01
5.000000000000000000e-01 5.000000000000000000e-01 1.846662163734436035e-01
5.000000000000000000e-01 5.000000000000000000e-01 1.853328794240951538e-01
5.000000000000000000e-01 5.000000000000000000e-01 1.859995424747467041e-01
5.000000000000000000e-01 5.000000000000000000e-01 1.866662055253982544e-01
5.000000000000000000e-01 5.000000000000000000e-01 1.873328685760498047e-01
5.000000000000000000e-01 5.000000000000000000e-01 1.879995316267013550e-01
5.000000000000000000e-01 5.000000000000000000e-01 1.886661946773529053e-01
5.000000000000000000e-01 5.000000000000000000e-01 1.893328577280044556e-01
5.000000000000000000e-01 5.000000000000000000e-01 1.899995207786560059e-01
5.000000000000000000e-01 5.000000000000000000e-01 1.906661838293075562e-01
5.000000000000000000e-01 5.000000000000000000e-01 1.913328468799591064e-01
5.000000000000000000e-01 5.000000000000000000e-01 1.919995099306106567e-01
5.000000000000000000e-01 5.000000000000000000e-01 1.926661729812622070e-01
5.000000000000000000e-01 5.000000000000000000e-01 1.933328360319137573e-01
5.000000000000000000e-01 5.000000000000000000e-01 1.939994990825653076e-01
5.000000000000000000e-01 5.000000000000000000e-01 1.946661621332168579e-01
5.000000000000000000e-01 5.000000000000000000e-01 1.953328251838684082e-01
5.000000000000000000e-01 5.000000000000000000e-01 1.959994882345199585e-01
5.000000000000000000e-01 5.000000000000000000e-01 1.966661512851715088e-01
5.000000000000000000e-01 5.000000000000000000e-01 1.973328143358230591e-01
5.000000000000000000e-01 5.000000000000000000e-01 1.979994773864746094e-01
5.000000000000000000e-01 5.000000000000000000e-01 1.986661404371261597e-01
5.000000000000000000e-01 5.000000000000000000e-01 1.993328034877777100e-01
5.000000000000000000e-01 5.000000000000000000e-01 1.999994665384292603e-01
5.000000000000000000e-01 5.000000000000000000e-01 2.006661295890808105e-01
5.000000000000000000e-01 5.000000000000000000e-01 2.013327926397323608e-01
5.000000000000000000e-01 5.000000000000000000e-01 2.019994556903839111e-01
5.000000000000000000e-01 5.000000000000000000e-01 2.026661187410354614e-01
5.000000000000000000e-01 5.000000000000000000e-01 2.033327817916870117e-01
5.000000000000000000e-01 5.000000000000000000e-01 2.039994448423385620e-01
5.000000000000000000e-01 5.000000000000000000e-01 2.046661078929901123e-01
5.000000000000000000e-01 5.000000000000000000e-01 2.053327709436416626e-01
5.000000000000000000e-01 5.000000000000000000e-01 2.059994339942932129e-01
5.000000000000000000e-01 5.000000000000000000e-01 2.066660970449447632e-01
5.000000000000000000e-01 5.000000000000000000e-01 2.073327600955963135e-01
5.000000000000000000e-01 5.000000000000000000e-01 2.079994231462478638e-01
5.000000000000000000e-01 5.000000000000000000e-01 2.086660861968994141e-01
5.000000000000000000e-01 5.000000000000000000e-01 2.093327492475509644e-01
5.000000000000000000e-01 5.000000000000000000e-01 2.099994122982025146e-01
5.000000000000000000e-01 5.000000000000000000e-01 2.106660753488540649e-01
5.000000000000000000e-01 5.000000000000000000e-01 2.113327383995056152e-01
5.000000000000000000e-01 5.000000000000000000e-01 2.119994014501571655e-01
5.000000000000000000e-01 5.000000000000000000e-01 2.126660645008087158e-01
5.000000000000000000e-01 5.000000000000000000e-01 2.133327275514602661e-01
5.000000000000000000e-01 5.000000000000000000e-01 2.139993906021118164e-01
5.000000000000000000e-01 5.000000000000000000e-01 2.146660536527633667e-01
5.000000000000000000e-01 5.000000000000000000e-01 2.153327167034149170e-01
5.000000000000000000e-01 5.000000000000000000e-01 2.159993797540664673e-01
5.000000000000000000e-01 5.000000000000000000e-01 2.166660428047180176e-01
5.000000000000000000e-01 5.000000000000000000e-01 2.173327058553695679e-01
5.000000000000000000e-01 5.000000000000000000e-01 2.179993689060211182e-01
5.000000000000000000e-01 5.000000000000000000e-01 2.186660319566726685e-01
5.000000000000000000e-01 5.000000000000000000e-01 2.193326950073242188e-01
5.000000000000000000e-01 5.000000000000000000e-01 2.199993580579757690e-01
5.000000000000000000e-01 5.000000000000000000e-01 2.206660211086273193e-01
5.000000000000000000e-01 5.000000000000000000e-01 2.213326841592788696e-01
5.000000000000000000e-01 5.000000000000000000e-01 2.219993472099304199e-01
5.000000000000000000e-01 5.000000000000000000e-01 2.226660102605819702e-01
5.000000000000000000e-01 5.000000000000000000e-01 2.233326733112335205e-01
5.000000000000000000e-01 5.000000000000000000e-01 2.239993363618850708e-01
5.000000000000000000e-01 5.000000000000000000e-01 2.246659994125366211e-01
5.000000000000000000e-01 5.000000000000000000e-01 2.253326624631881714e-01
5.000000000000000000e-01 5.000000000000000000e-01 2.259993255138397217e-01
5.000000000000000000e-01 5.000000000000000000e-01 2.266659885644912720e-01
5.000000000000000000e-01 5.000000000000000000e-01 2.273326516151428223e-01
5.000000000000000000e-01 5.000000000000000000e-01 2.279993146657943726e-01
5.000000000000000000e-01 5.000000000000000000e-01 2.286659777164459229e-01
5.000000000000000000e-01 5.000000000000000000e-01 2.293326407670974731e-01
5.000000000000000000e-01 5.000000000000000000e-01 2.299993038177490234e-01
5.000000000000000000e-01 5.000000000000000000e-01 2.306659668684005737e-01
5.000000000000000000e-01 5.000000000000000000e-01 2.313326299190521240e-01
5.000000000000000000e-01 5.000000000000000000e-01 2.319992929697036743e-01
5.000000000000000000e-01 5.000000000000000000e-01 2.326659560203552246e-01
5.000000000000000000e-01 5.000000000000000000e-01 2.333326190710067749e-01
5.000000000000000000e-01 5.000000000000000000e-01 2.339992821216583252e-01
5.000000000000000000e-01 5.000000000000000000e-01 2.346659451723098755e-01
5.000000000000000000e-01 5.000000000000000000e-01 2.353326082229614258e-01
5.000000000000000000e-01 5.000000000000000000e-01 2.359992712736129761e-01
5.000000000000000000e-01 5.000000000000000000e-01 2.366659343242645264e-01
5.000000000000000000e-01 5.000000000000000000e-01 2.373325973749160767e-01
5.000000000000000000e-01 5.000000000000000000e-01 2.379992604255676270e-01
5.000000000000000000e-01 5.000000000000000000e-01 2.386659234762191772e-01
5.000000000000000000e-01 5.000000000000000000e-01 2.393325865268707275e-01
5.000000000000000000e-01 5.000000000000000000e-01 2.399992495775222778e-01
5.000000000000000000e-01 5.000000000000000000e-01 2.406659126281738281e-01
5.000000000000000000e-01 5.000000000000000000e-01 2.413325756788253784e-01
5.000000000000000000e-01 5.000000000000000000e-01 2.419992387294769287e-01
5.000000000000000000e-01 5.000000000000000000e-01 2.426659017801284790e-01
5.000000000000000000e-01 5.000000000000000000e-01 2.433325648307800293e-01
5.000000000000000000e-01 5.000000000000000000e-01 2.439992278814315796e-01
5.000000000000000000e-01 5.000000000000000000e-01 2.446658909320831299e-01
5.000000000000000000e-01 5.000000000000000000e-01 2.453325539827346802e-01
5.000000000000000000e-01 5.000000000000000000e-01 2.459992170333862305e-01
5.000000000000000000e-01 5.000000000000000000e-01 2.466658800840377808e-01
5.000000000000000000e-01 5.000000000000000000e-01 2.473325431346893311e-01
5.000000000000000000e-01 5.000000000000000000e-01 2.479992061853408813e-01
5.000000000000000000e-01 5.000000000000000000e-01 2.486658692359924316e-01
5.000000000000000000e-01 5.000000000000000000e-01 2.493325322866439819e-01
5.000000000000000000e-01 5.000000000000000000e-01 2.499991953372955322e-01
5.000000000000000000e-01 5.000000000000000000e-01 2.506658732891082764e-01
5.000000000000000000e-01 5.000000000000000000e-01 2.513325512409210205e-01
5.000000000000000000e-01 5.000000000000000000e-01 2.519992291927337646e-01
5.000000000000000000e-01 5.000000000000000000e-01 2.526659071445465088e-01
5.000000000000000000e-01 5.000000000000000000e-01 2.533325850963592529e-01
5.000000000000000000e-01 5.000000000000000000e-01 2.539992630481719971e-01
5.000000000000000000e-01 5.000000000000000000e-01 2.546659409999847412e-01
5.000000000000000000e-01 5.000000000000000000e-01 2.553326189517974854e-01
5.000000000000000000e-01 5.000000000000000000e-01 2.559992969036102295e-01
5.000000000000000000e-01 5.000000000000000000e-01 2.566659748554229736e-01
5.000000000000000000e-01 5.000000000000000000e-01 2.573326528072357178e-01
5.000000000000000000e-01 5.000000000000000000e-01 2.579993307590484619e-01
5.000000000000000000e-01 5.000000000000000000e-01 2.586660087108612061e-01
5.000000000000000000e-01 5.000000000000000000e-01 2.593326866626739502e-01
5.000000000000000000e-01 5.000000000000000000e-01 2.599993646144866943e-01
5.000000000000000000e-01 5.000000000000000000e-01 2.606660425662994385e-01
5.000000000000000000e-01 5.000000000000000000e-01 2.613327205181121826e-01
5.000000000000000000e-01 5.000000000000000000e-01 2.619993984699249268e-01
5.000000000000000000e-01 5.000000000000000000e-01 2.626660764217376709e-01
5.000000000000000000e-01 5.000000000000000000e-01 2.633327543735504150e-01
5.000000000000000000e-01 5.000000000000000000e-01 2.639994323253631592e-01
5.000000000000000000e-01 5.000000000000000000e-01 2.646661102771759033e-01
5.000000000000000000e-01 5.000000000000000000e-01 2.653327882289886475e-01
5.000000000000000000e-01 5.000000000000000000e-01 2.659994661808013916e-01
5.000000000000000000e-01 5.000000000000000000e-01 2.666661441326141357e-01
5.000000000000000000e-01 5.000000000000000000e-01 2.673328220844268799e-01
5.000000000000000000e-01 5.000000000000000000e-01 2.679995000362396240e-01
5.000000000000000000e-01 5.000000000000000000e-01 2.686661779880523682e-01
5.000000000000000000e-01 5.000000000000000000e-01 2.693328559398651123e-01
5.000000000000000000e-01 5.000000000000000000e-01 2.699995338916778564e-01
5.000000000000000000e-01 5.000000000000000000e-01 2.706662118434906006e-01
5.000000000000000000e-01 5.000000000000000000e-01 2.713328897953033447e-01
5.000000000000000000e-01 5.000000000000000000e-01 2.719995677471160889e-01
5.000000000000000000e-01 5.000000000000000000e-01 2.726662456989288330e-01
5.000000000000000000e-01 5.000000000000000000e-01 2.733329236507415771e-01
5.000000000000000000e-01 5.000000000000000000e-01 2.739996016025543213e-01
5.000000000000000000e-01 5.000000000000000000e-01 2.746662795543670654e-01
5.000000000000000000e-01 5.000000000000000000e-01 2.753329575061798096e-01
5.000000000000000000e-01 5.000000000000000000e-01 2.759996354579925537e-01
5.000000000000000000e-01 5.000000000000000000e-01 2.766663134098052979e-01
5.000000000000000000e-01 5.000000000000000000e-01 2.773329913616180420e-01
5.000000000000000000e-01 5.000000000000000000e-01 2.779996693134307861e-01
5.000000000000000000e-01 5.000000000000000000e-01 2.786663472652435303e-01
5.000000000000000000e-01 5.000000000000000000e-01 2.793330252170562744e-01
5.000000000000000000e-01 5.000000000000000000e-01 2.799997031688690186e-01
5.000000000000000000e-01 5.000000000000000000e-01 2.806663811206817627e-01
5.000000000000000000e-01 5.000000000000000000e-01 2.813330590724945068e-01
5.000000000000000000e-01 5.000000000000000000e-01 2.819997370243072510e-01
5.000000000000000000e-01 5.000000000000000000e-01 2.826664149761199951e-01
5.000000000000000000e-01 5.000000000000000000e-01 2.833330929279327393e-01
5.000000000000000000e-01 5.000000000000000000e-01 2.839997708797454834e-01
5.000000000000000000e-01 5.000000000000000000e-01 2.846664488315582275e-01
5.000000000000000000e-01 5.000000000000000000e-01 2.853331267833709717e-01
5.000000000000000000e-01 5.000000000000000000e-01 2.859998047351837158e-01
5.000000000000000000e-01 5.000000000000000000e-01 2.866664826869964600e-01
5.000000000000000000e-01 5.000000000000000000e-01 2.873331606388092041e-01
5.000000000000000000e-01 5.000000000000000000e-01 2.879998385906219482e-01
5.000000000000000000e-01 5.000000000000000000e-01 2.886665165424346924e-01
5.000000000000000000e-01 5.000000000000000000e-01 2.893331944942474365e-01
5.000000000000000000e-01 5.000000000000000000e-01 2.899998724460601807e-01
5.000000000000000000e-01 5.000000000000000000e-01 2.906665503978729248e-01
5.000000000000000000e-01 5.000000000000000000e-01 2.913332283496856689e-01
5.000000000000000000e-01 5.000000000000000000e-01 2.919999063014984131e-01
5.000000000000000000e-01 5.000000000000000000e-01 2.926665842533111572e-01
5.000000000000000000e-01 5.000000000000000000e-01 2.933332622051239014e-01
5.000000000000000000e-01 5.000000000000000000e-01 2.939999401569366455e-01
5.000000000000000000e-01 5.000000000000000000e-01 2.946666181087493896e-01
5.000000000000000000e-01 5.000000000000000000e-01 2.953332960605621338e-01
5.000000000000000000e-01 5.000000000000000000e-01 2.959999740123748779e-01
5.000000000000000000e-01 5.000000000000000000e-01 2.966666519641876221e-01
5.000000000000000000e-01 5.000000000000000000e-01 2.973333299160003662e-01
5.000000000000000000e-01 5.000000000000000000e-01 2.980000078678131104e-01
5.000000000000000000e-01 5.000000000000000000e-01 2.986666858196258545e-01
5.000000000000000000e-01 5.000000000000000000e-01 2.993333637714385986e-01
5.000000000000000000e-01 5.000000000000000000e-01 3.000000417232513428e-01
5.000000000000000000e-01 5.000000000000000000e-01 3.006667196750640869e-01
5.000000000000000000e-01 5.000000000000000000e-01 3.013333976268768311e-01
5.000000000000000000e-01 5.000000000000000000e-01 3.020000755786895752e-01
5.000000000000000000e-01 5.000000000000000000e-01 3.026667535305023193e-01
5.000000000000000000e-01 5.000000000000000000e-01 3.033334314823150635e-01
5.000000000000000000e-01 5.000000000000000000e-01 3.040001094341278076e-01
5.000000000000000000e-01 5.000000000000000000e-01 3.046667873859405518e-01
5.000000000000000000e-01 5.000000000000000000e-01 3.053334653377532959e-01
5.000000000000000000e-01 5.000000000000000000e-01 3.060001432895660400e-01
5.000000000000000000e-01 5.000000000000000000e-01 3.066668212413787842e-01
5.000000000000000000e-01 5.000000000000000000e-01 3.073334991931915283e-01
5.000000000000000000e-01 5.000000000000000000e-01 3.080001771450042725e-01
5.000000000000000000e-01 5.000000000000000000e-01 3.086668550968170166e-01
5.000000000000000000e-01 5.000000000000000000e-01 3.093335330486297607e-01
5.000000000000000000e-01 5.000000000000000000e-01 3.100002110004425049e-01
5.000000000000000000e-01 5.000000000000000000e-01 3.106668889522552490e-01
5.000000000000000000e-01 5.000000000000000000e-01 3.113335669040679932e-01
5.000000000000000000e-01 5.000000000000000000e-01 3.120002448558807373e-01
5.000000000000000000e-01 5.000000000000000000e-01 3.126669228076934814e-01
5.000000000000000000e-01 5.000000000000000000e-01 3.133336007595062256e-01
5.000000000000000000e-01 5.000000000000000000e-01 3.140002787113189697e-01
5.000000000000000000e-01 5.000000000000000000e-01 3.146669566631317139e-01
5.000000000000000000e-01 5.000000000000000000e-01 3.153336346149444580e-01
5.000000000000000000e-01 5.000000000000000000e-01 3.160003125667572021e-01
5.000000000000000000e-01 5.000000000000000000e-01 3.166669905185699463e-01
5.000000000000000000e-01 5.000000000000000000e-01 3.173336684703826904e-01
5.000000000000000000e-01 5.000000000000000000e-01 3.180003464221954346e-01
5.000000000000000000e-01 5.000000000000000000e-01 3.186670243740081787e-01
5.000000000000000000e-01 5.000000000000000000e-01 3.193337023258209229e-01
5.000000000000000000e-01 5.000000000000000000e-01 3.200003802776336670e-01
5.000000000000000000e-01 5.000000000000000000e-01 3.206670582294464111e-01
5.000000000000000000e-01 5.000000000000000000e-01 3.213337361812591553e-01
5.000000000000000000e-01 5.000000000000000000e-01 3.220004141330718994e-01
5.000000000000000000e-01 5.000000000000000000e-01 3.226670920848846436e-01
5.000000000000000000e-01 5.000000000000000000e-01 3.233337700366973877e-01
5.000000000000000000e-01 5.000000000000000000e-01 3.240004479885101318e-01
5.000000000000000000e-01 5.000000000000000000e-01 3.246671259403228760e-01
5.000000000000000000e-01 5.000000000000000000e-01 3.253338038921356201e-01
5.000000000000000000e-01 5.000000000000000000e-01 3.260004818439483643e-01
5.000000000000000000e-01 5.000000000000000000e-01 3.266671597957611084e-01
5.000000000000000000e-01 5.000000000000000000e-01 3.273338377475738525e-01
5.000000000000000000e-01 5.000000000000000000e-01 3.280005156993865967e-01
5.000000000000000000e-01 5.000000000000000000e-01 3.286671936511993408e-01
5.000000000000000000e-01 5.000000000000000000e-01 3.293338716030120850e-01
5.000000000000000000e-01 5.000000000000000000e-01 3.300005495548248291e-01
5.000000000000000000e-01 5.000000000000000000e-01 3.306672275066375732e-01
5.000000000000000000e-01 5.000000000000000000e-01 3.313339054584503174e-01
5.000000000000000000e-01 5.000000000000000000e-01 3.320005834102630615e-01
5.000000000000000000e-01 5.000000000000000000e-01 3.326672613620758057e-01
5.000000000000000000e-01 5.000000000000000000e-01 3.333339393138885498e-01
5.000000000000000000e-01 5.000000000000000000e-01 3.340006172657012939e-01
5.000000000000000000e-01 5.000000000000000000e-01 3.346672952175140381e-01
5.000000000000000000e-01 5.000000000000000000e-01 3.353339731693267822e-01
5.000000000000000000e-01 5.000000000000000000e-01 3.360006511211395264e-01
5.000000000000000000e-01 5.000000000000000000e-01 3.366673290729522705e-01
5.000000000000000000e-01 5.000000000000000000e-01 3.373340070247650146e-01
5.000000000000000000e-01 5.000000000000000000e-01 3.380006849765777588e-01
5.000000000000000000e-01 5.000000000000000000e-01 3.386673629283905029e-01
5.000000000000000000e-01 5.000000000000000000e-01 3.393340408802032471e-01
5.000000000000000000e-01 5.000000000000000000e-01 3.400007188320159912e-01
5.000000000000000000e-01 5.000000000000000000e-01 3.406673967838287354e-01
5.000000000000000000e-01 5.000000000000000000e-01 3.413340747356414795e-01
5.000000000000000000e-01 5.000000000000000000e-01 3.420007526874542236e-01
5.000000000000000000e-01 5.000000000000000000e-01 3.426674306392669678e-01
5.000000000000000000e-01 5.000000000000000000e-01 3.433341085910797119e-01
5.000000000000000000e-01 5.000000000000000000e-01 3.440007865428924561e-01
5.000000000000000000e-01 5.000000000000000000e-01 3.446674644947052002e-01
5.000000000000000000e-01 5.000000000000000000e-01 3.453341424465179443e-01
5.000000000000000000e-01 5.000000000000000000e-01 3.460008203983306885e-01
5.000000000000000000e-01 5.000000000000000000e-01 3.466674983501434326e-01
5.000000000000000000e-01 5.000000000000000000e-01 3.473341763019561768e-01
5.000000000000000000e-01 5.000000000000000000e-01 3.480008542537689209e-01
5.000000000000000000e-01 5.000000000000000000e-01 3.486675322055816650e-01
5.000000000000000000e-01 5.000000000000000000e-01 3.493342101573944092e-01
5.000000000000000000e-01 5.000000000000000000e-01 3.500008881092071533e-01
5.000000000000000000e-01 5.000000000000000000e-01 3.506675660610198975e-01
5.000000000000000000e-01 5.000000000000000000e-01 3.513342440128326416e-01
5.000000000000000000e-01 5.000000000000000000e-01 3.520009219646453857e-01
5.000000000000000000e-01 5.000000000000000000e-01 3.526675999164581299e-01
5.000000000000000000e-01 5.000000000000000000e-01 3.533342778682708740e-01
5.000000000000000000e-01 5.000000000000000000e-01 3.540009558200836182e-01
5.000000000000000000e-01 5.000000000000000000e-01 3.546676337718963623e-01
5.000000000000000000e-01 5.000000000000000000e-01 3.553343117237091064e-01
5.000000000000000000e-01 5.000000000000000000e-01 3.560009896755218506e-01
5.000000000000000000e-01 5.000000000000000000e-01 3.566676676273345947e-01
5.000000000000000000e-01 5.000000000000000000e-01 3.573343455791473389e-01
5.000000000000000000e-01 5.000000000000000000e-01 3.580010235309600830e-01
5.000000000000000000e-01 5.000000000000000000e-01 3.586677014827728271e-01
5.000000000000000000e-01 5.000000000000000000e-01 3.593343794345855713e-01
5.000000000000000000e-01 5.000000000000000000e-01 3.600010573863983154e-01
5.000000000000000000e-01 5.000000000000000000e-01 3.606677353382110596e-01
5.000000000000000000e-01 5.000000000000000000e-01 3.613344132900238037e-01
5.000000000000000000e-01 5.000000000000000000e-01 3.620010912418365479e-01
5.000000000000000000e-01 5.000000000000000000e-01 3.626677691936492920e-01
5.000000000000000000e-01 5.000000000000000000e-01 3.633344471454620361e-01
5.000000000000000000e-01 5.000000000000000000e-01 3.640011250972747803e-01
5.000000000000000000e-01 5.000000000000000000e-01 3.646678030490875244e-01
5.000000000000000000e-01 5.000000000000000000e-01 3.653344810009002686e-01
5.000000000000000000e-01 5.000000000000000000e-01 3.660011589527130127e-01
5.000000000000000000e-01 5.000000000000000000e-01 3.666678369045257568e-01
5.000000000000000000e-01 5.000000000000000000e-01 3.673345148563385010e-01
5.000000000000000000e-01 5.000000000000000000e-01 3.680011928081512451e-01
5.000000000000000000e-01 5.000000000000000000e-01 3.686678707599639893e-01
5.000000000000000000e-01 5.000000000000000000e-01 3.693345487117767334e-01
5.000000000000000000e-01 5.000000000000000000e-01 3.700012266635894775e-01
5.000000000000000000e-01 5.000000000000000000e-01 3.706679046154022217e-01
5.000000000000000000e-01 5.000000000000000000e-01 3.713345825672149658e-01
5.000000000000000000e-01 5.000000000000000000e-01 3.720012605190277100e-01
5.000000000000000000e-01 5.000000000000000000e-01 3.726679384708404541e-01
5.000000000000000000e-01 5.000000000000000000e-01 3.733346164226531982e-01
5.000000000000000000e-01 5.000000000000000000e-01 3.740012943744659424e-01
5.000000000000000000e-01 5.000000000000000000e-01 3.746679723262786865e-01
5.000000000000000000e-01 5.000000000000000000e-01 3.753346502780914307e-01
5.000000000000000000e-01 5.000000000000000000e-01 3.760013282299041748e-01
5.000000000000000000e-01 5.000000000000000000e-01 3.766680061817169189e-01
5.000000000000000000e-01 5.000000000000000000e-01 3.773346841335296631e-01
5.000000000000000000e-01 5.000000000000000000e-01 3.780013620853424072e-01
5.000000000000000000e-01 5.000000000000000000e-01 3.786680400371551514e-01
5.000000000000000000e-01 5.000000000000000000e-01 3.793347179889678955e-01
5.000000000000000000e-01 5.000000000000000000e-01 3.800013959407806396e-01
5.000000000000000000e-01 5.000000000000000000e-01 3.806680738925933838e-01
5.000000000000000000e-01 5.000000000000000000e-01 3.813347518444061279e-01
5.000000000000000000e-01 5.000000000000000000e-01 3.820014297962188721e-01
5.000000000000000000e-01 5.000000000000000000e-01 3.826681077480316162e-01
5.000000000000000000e-01 5.000000000000000000e-01 3.833347856998443604e-01
5.000000000000000000e-01 5.000000000000000000e-01 3.840014636516571045e-01
5.000000000000000000e-01 5.000000000000000000e-01 3.846681416034698486e-01
5.000000000000000000e-01 5.000000000000000000e-01 3.853348195552825928e-01
5.000000000000000000e-01 5.000000000000000000e-01 3.860014975070953369e-01
5.000000000000000000e-01 5.000000000000000000e-01 3.866681754589080811e-01
5.000000000000000000e-01 5.000000000000000000e-01 3.873348534107208252e-01
5.000000000000000000e-01 5.000000000000000000e-01 3.880015313625335693e-01
5.000000000000000000e-01 5.000000000000000000e-01 3.886682093143463135e-01
5.000000000000000000e-01 5.000000000000000000e-01 3.893348872661590576e-01
5.000000000000000000e-01 5.000000000000000000e-01 3.900015652179718018e-01
5.000000000000000000e-01 5.000000000000000000e-01 3.906682431697845459e-01
5.000000000000000000e-01 5.000000000000000000e-01 3.913349211215972900e-01
5.000000000000000000e-01 5.000000000000000000e-01 3.920015990734100342e-01
5.000000000000000000e-01 5.000000000000000000e-01 3.926682770252227783e-01
5.000000000000000000e-01 5.000000000000000000e-01 3.933349549770355225e-01
5.000000000000000000e-01 5.000000000000000000e-01 3.940016329288482666e-01
5.000000000000000000e-01 5.000000000000000000e-01 3.946683108806610107e-01
5.000000000000000000e-01 5.000000000000000000e-01 3.953349888324737549e-01
5.000000000000000000e-01 5.000000000000000000e-01 3.960016667842864990e-01
5.000000000000000000e-01 5.000000000000000000e-01 3.966683447360992432e-01
5.000000000000000000e-01 5.000000000000000000e-01 3.973350226879119873e-01
5.000000000000000000e-01 5.000000000000000000e-01 3.980017006397247314e-01
5.000000000000000000e-01 5.000000000000000000e-01 3.986683785915374756e-01
5.000000000000000000e-01 5.000000000000000000e-01 3.993350565433502197e-01
5.000000000000000000e-01 5.000000000000000000e-01 4.000017344951629639e-01
5.000000000000000000e-01 5.000000000000000000e-01 4.006684124469757080e-01
5.000000000000000000e-01 5.000000000000000000e-01 4.013350903987884521e-01
5.000000000000000000e-01 5.000000000000000000e-01 4.020017683506011963e-01
5.000000000000000000e-01 5.000000000000000000e-01 4.026684463024139404e-01
5.000000000000000000e-01 5.000000000000000000e-01 4.033351242542266846e-01
5.000000000000000000e-01 5.000000000000000000e-01 4.040018022060394287e-01
5.000000000000000000e-01 5.000000000000000000e-01 4.046684801578521729e-01
5.000000000000000000e-01 5.000000000000000000e-01 4.053351581096649170e-01
5.000000000000000000e-01 5.000000000000000000e-01 4.060018360614776611e-01
5.000000000000000000e-01 5.000000000000000000e-01 4.066685140132904053e-01
5.000000000000000000e-01 5.000000000000000000e-01 4.073351919651031494e-01
5.000000000000000000e-01 5.000000000000000000e-01 4.080018699169158936e-01
5.000000000000000000e-01 5.000000000000000000e-01 4.086685478687286377e-01
5.000000000000000000e-01 5.000000000000000000e-01 4.093352258205413818e-01
5.000000000000000000e-01 5.000000000000000000e-01 4.100019037723541260e-01
5.000000000000000000e-01 5.000000000000000000e-01 4.106685817241668701e-01
5.000000000000000000e-01 5.000000000000000000e-01 4.113352596759796143e-01
5.000000000000000000e-01 5.000000000000000000e-01 4.120019376277923584e-01
5.000000000000000000e-01 5.000000000000000000e-01 4.126686155796051025e-01
5.000000000000000000e-01 5.000000000000000000e-01 4.133352935314178467e-01
5.000000000000000000e-01 5.000000000000000000e-01 4.140019714832305908e-01
5.000000000000000000e-01 5.000000000000000000e-01 4.146686494350433350e-01
5.000000000000000000e-01 5.000000000000000000e-01 4.153353273868560791e-01
5.000000000000000000e-01 5.000000000000000000e-01 4.160020053386688232e-01
5.000000000000000000e-01 5.000000000000000000e-01 4.166686832904815674e-01
5.000000000000000000e-01 5.000000000000000000e-01 4.173353612422943115e-01
5.000000000000000000e-01 5.000000000000000000e-01 4.180020391941070557e-01
5.000000000000000000e-01 5.000000000000000000e-01 4.186687171459197998e-01
5.000000000000000000e-01 5.000000000000000000e-01 4.193353950977325439e-01
5.000000000000000000e-01 5.000000000000000000e-01 4.200020730495452881e-01
5.000000000000000000e-01 5.000000000000000000e-01 4.206687510013580322e-01
5.000000000000000000e-01 5.000000000000000000e-01 4.213354289531707764e-01
5.000000000000000000e-01 5.000000000000000000e-01 4.220021069049835205e-01
5.000000000000000000e-01 5.000000000000000000e-01 4.226687848567962646e-01
5.000000000000000000e-01 5.000000000000000000e-01 4.233354628086090088e-01
5.000000000000000000e-01 5.000000000000000000e-01 4.240021407604217529e-01
5.000000000000000000e-01 5.000000000000000000e-01 4.246688187122344971e-01
5.000000000000000000e-01 5.000000000000000000e-01 4.253354966640472412e-01
5.000000000000000000e-01 5.000000000000000000e-01 4.260021746158599854e-01
5.000000000000000000e-01 5.000000000000000000e-01 4.266688525676727295e-01
5.000000000000000000e-01 5.000000000000000000e-01 4.273355305194854736e-01
5.000000000000000000e-01 5.000000000000000000e-01 4.280022084712982178e-01
5.000000000000000000e-01 5.000000000000000000e-01 4.286688864231109619e-01
5.000000000000000000e-01 5.000000000000000000e-01 4.293355643749237061e-01
5.000000000000000000e-01 5.000000000000000000e-01 4.300022423267364502e-01
5.000000000000000000e-01 5.000000000000000000e-01 4.306689202785491943e-01
5.000000000000000000e-01 5.000000000000000000e-01 4.313355982303619385e-01
5.000000000000000000e-01 5.000000000000000000e-01 4.320022761821746826e-01
5.000000000000000000e-01 5.000000000000000000e-01 4.326689541339874268e-01
5.000000000000000000e-01 5.000000000000000000e-01 4.333356320858001709e-01
5.000000000000000000e-01 5.000000000000000000e-01 4.340023100376129150e-01
5.000000000000000000e-01 5.000000000000000000e-01 4.346689879894256592e-01
5.000000000000000000e-01 5.000000000000000000e-01 4.353356659412384033e-01
5.000000000000000000e-01 5.000000000000000000e-01 4.360023438930511475e-01
5.000000000000000000e-01 5.000000000000000000e-01 4.366690218448638916e-01
5.000000000000000000e-01 5.000000000000000000e-01 4.373356997966766357e-01
5.000000000000000000e-01 5.000000000000000000e-01 4.380023777484893799e-01
5.000000000000000000e-01 5.000000000000000000e-01 4.386690557003021240e-01
5.000000000000000000e-01 5.000000000000000000e-01 4.393357336521148682e-01
5.000000000000000000e-01 5.000000000000000000e-01 4.400024116039276123e-01
5.000000000000000000e-01 5.000000000000000000e-01 4.406690895557403564e-01
5.000000000000000000e-01 5.000000000000000000e-01 4.413357675075531006e-01
5.000000000000000000e-01 5.000000000000000000e-01 4.420024454593658447e-01
5.000000000000000000e-01 5.000000000000000000e-01 4.426691234111785889e-01
5.000000000000000000e-01 5.000000000000000000e-01 4.433358013629913330e-01
5.000000000000000000e-01 5.000000000000000000e-01 4.440024793148040771e-01
5.000000000000000000e-01 5.000000000000000000e-01 4.446691572666168213e-01
5.000000000000000000e-01 5.000000000000000000e-01 4.453358352184295654e-01
5.000000000000000000e-01 5.000000000000000000e-01 4.460025131702423096e-01
5.000000000000000000e-01 5.000000000000000000e-01 4.466691911220550537e-01
5.000000000000000000e-01 5.000000000000000000e-01 4.473358690738677979e-01
5.000000000000000000e-01 5.000000000000000000e-01 4.480025470256805420e-01
5.000000000000000000e-01 5.000000000000000000e-01 4.486692249774932861e-01
5.000000000000000000e-01 5.000000000000000000e-01 4.493359029293060303e-01
5.000000000000000000e-01 5.000000000000000000e-01 4.500025808811187744e-01
5.000000000000000000e-01 5.000000000000000000e-01 4.506692588329315186e-01
5.000000000000000000e-01 5.000000000000000000e-01 4.513359367847442627e-01
5.000000000000000000e-01 5.000000000000000000e-01 4.520026147365570068e-01
5.000000000000000000e-01 5.000000000000000000e-01 4.526692926883697510e-01
5.000000000000000000e-01 5.000000000000000000e-01 4.533359706401824951e-01
5.000000000000000000e-01 5.000000000000000000e-01 4.540026485919952393e-01
5.000000000000000000e-01 5.000000000000000000e-01 4.546693265438079834e-01
5.000000000000000000e-01 5.000000000000000000e-01 4.553360044956207275e-01
5.000000000000000000e-01 5.000000000000000000e-01 4.560026824474334717e-01
5.000000000000000000e-01 5.000000000000000000e-01 4.566693603992462158e-01
5.000000000000000000e-01 5.000000000000000000e-01 4.573360383510589600e-01
5.000000000000000000e-01 5.000000000000000000e-01 4.580027163028717041e-01
5.000000000000000000e-01 5.000000000000000000e-01 4.586693942546844482e-01
5.000000000000000000e-01 5.000000000000000000e-01 4.593360722064971924e-01
5.000000000000000000e-01 5.000000000000000000e-01 4.600027501583099365e-01
5.000000000000000000e-01 5.000000000000000000e-01 4.606694281101226807e-01
5.000000000000000000e-01 5.000000000000000000e-01 4.613361060619354248e-01
5.000000000000000000e-01 5.000000000000000000e-01 4.620027840137481689e-01
5.000000000000000000e-01 5.000000000000000000e-01 4.626694619655609131e-01
5.000000000000000000e-01 5.000000000000000000e-01 4.633361399173736572e-01
5.000000000000000000e-01 5.000000000000000000e-01 4.640028178691864014e-01
5.000000000000000000e-01 5.000000000000000000e-01 4.646694958209991455e-01
5.000000000000000000e-01 5.000000000000000000e-01 4.653361737728118896e-01
5.000000000000000000e-01 5.000000000000000000e-01 4.660028517246246338e-01
5.000000000000000000e-01 5.000000000000000000e-01 4.666695296764373779e-01
5.000000000000000000e-01 5.000000000000000000e-01 4.673362076282501221e-01
5.000000000000000000e-01 5.000000000000000000e-01 4.680028855800628662e-01
5.000000000000000000e-01 5.000000000000000000e-01 4.686695635318756104e-01
5.000000000000000000e-01 5.000000000000000000e-01 4.693362414836883545e-01
5.000000000000000000e-01 5.000000000000000000e-01 4.700029194355010986e-01
5.000000000000000000e-01 5.000000000000000000e-01 4.706695973873138428e-01
5.000000000000000000e-01 5.000000000000000000e-01 4.713362753391265869e-01
5.000000000000000000e-01 5.000000000000000000e-01 4.720029532909393311e-01
5.000000000000000000e-01 5.000000000000000000e-01 4.726696312427520752e-01
5.000000000000000000e-01 5.000000000000000000e-01 4.733363091945648193e-01
5.000000000000000000e-01 5.000000000000000000e-01 4.740029871463775635e-01
5.000000000000000000e-01 5.000000000000000000e-01 4.746696650981903076e-01
5.000000000000000000e-01 5.000000000000000000e-01 4.753363430500030518e-01
5.000000000000000000e-01 5.000000000000000000e-01 4.760030210018157959e-01
5.000000000000000000e-01 5.000000000000000000e-01 4.766696989536285400e-01
5.000000000000000000e-01 5.000000000000000000e-01 4.773363769054412842e-01
5.000000000000000000e-01 5.000000000000000000e-01 4.780030548572540283e-01
5.000000000000000000e-01 5.000000000000000000e-01 4.786697328090667725e-01
5.000000000000000000e-01 5.000000000000000000e-01 4.793364107608795166e-01
5.000000000000000000e-01 5.000000000000000000e-01 4.800030887126922607e-01
5.000000000000000000e-01 5.000000000000000000e-01 4.806697666645050049e-01
5.000000000000000000e-01 5.000000000000000000e-01 4.813364446163177490e-01
5.000000000000000000e-01 5.000000000000000000e-01 4.820031225681304932e-01
5.000000000000000000e-01 5.000000000000000000e-01 4.826698005199432373e-01
5.000000000000000000e-01 5.000000000000000000e-01 4.833364784717559814e-01
5.000000000000000000e-01 5.000000000000000000e-01 4.840031564235687256e-01
5.000000000000000000e-01 5.000000000000000000e-01 4.846698343753814697e-01
5.000000000000000000e-01 5.000000000000000000e-01 4.853365123271942139e-01
5.000000000000000000e-01 5.000000000000000000e-01 4.860031902790069580e-01
5.000000000000000000e-01 5.000000000000000000e-01 4.866698682308197021e-01
5.000000000000000000e-01 5.000000000000000000e-01 4.873365461826324463e-01
5.000000000000000000e-01 5.000000000000000000e-01 4.880032241344451904e-01
5.000000000000000000e-01 5.000000000000000000e-01 4.886699020862579346e-01
5.000000000000000000e-01 5.000000000000000000e-01 4.893365800380706787e-01
5.000000000000000000e-01 5.000000000000000000e-01 4.900032579898834229e-01
5.000000000000000000e-01 5.000000000000000000e-01 4.906699359416961670e-01
5.000000000000000000e-01 5.000000000000000000e-01 4.913366138935089111e-01
5.000000000000000000e-01 5.000000000000000000e-01 4.920032918453216553e-01
5.000000000000000000e-01 5.000000000000000000e-01 4.926699697971343994e-01
5.000000000000000000e-01 5.000000000000000000e-01 4.933366477489471436e-01
5.000000000000000000e-01 5.000000000000000000e-01 4.940033257007598877e-01
5.000000000000000000e-01 5.000000000000000000e-01 4.946700036525726318e-01
5.000000000000000000e-01 5.000000000000000000e-01 4.953366816043853760e-01
5.000000000000000000e-01 5.000000000000000000e-01 4.960033595561981201e-01
5.000000000000000000e-01 5.000000000000000000e-01 4.966700375080108643e-01
5.000000000000000000e-01 5.000000000000000000e-01 4.973367154598236084e-01
5.000000000000000000e-01 5.000000000000000000e-01 4.980033934116363525e-01
5.000000000000000000e-01 5.000000000000000000e-01 4.986700713634490967e-01
5.000000000000000000e-01 5.000000000000000000e-01 4.993367493152618408e-01
5.000000000000000000e-01 5.000000000000000000e-01 5.000033974647521973e-01
5.000000000000000000e-01 5.000000000000000000e-01 5.006700754165649414e-01
5.000000000000000000e-01 5.000000000000000000e-01 5.013367533683776855e-01
5.000000000000000000e-01 5.000000000000000000e-01 5.020034313201904297e-01
5.000000000000000000e-01 5.000000000000000000e-01 5.026701092720031738e-01
5.000000000000000000e-01 5.000000000000000000e-01 5.033367872238159180e-01
5.000000000000000000e-01 5.000000000000000000e-01 5.040034651756286621e-01
5.000000000000000000e-01 5.000000000000000000e-01 5.046701431274414062e-01
5.000000000000000000e-01 5.000000000000000000e-01 5.053368210792541504e-01
5.000000000000000000e-01 5.000000000000000000e-01 5.060034990310668945e-01
5.000000000000000000e-01 5.000000000000000000e-01 5.066701769828796387e-01
5.000000000000000000e-01 5.000000000000000000e-01 5.073368549346923828e-01
5.000000000000000000e-01 5.000000000000000000e-01 5.080035328865051270e-01
5.000000000000000000e-01 5.000000000000000000e-01 5.086702108383178711e-01
5.000000000000000000e-01 5.000000000000000000e-01 5.093368887901306152e-01
5.000000000000000000e-01 5.000000000000000000e-01 5.100035667419433594e-01
5.000000000000000000e-01 5.000000000000000000e-01 5.106702446937561035e-01
5.000000000000000000e-01 5.000000000000000000e-01 5.113369226455688477e-01
5.000000000000000000e-01 5.000000000000000000e-01 5.120036005973815918e-01
5.000000000000000000e-01 5.000000000000000000e-01 5.126702785491943359e-01
5.000000000000000000e-01 5.000000000000000000e-01 5.133369565010070801e-01
5.000000000000000000e-01 5.000000000000000000e-01 5.140036344528198242e-01
5.000000000000000000e-01 5.000000000000000000e-01 5.146703124046325684e-01
5.000000000000000000e-01 5.000000000000000000e-01 5.153369903564453125e-01
5.000000000000000000e-01 5.000000000000000000e-01 5.160036683082580566e-01
5.000000000000000000e-01 5.000000000000000000e-01 5.166703462600708008e-01
5.000000000000000000e-01 5.000000000000000000e-01 5.173370242118835449e-01
5.000000000000000000e-01 5.000000000000000000e-01 5.180037021636962891e-01
5.000000000000000000e-01 5.000000000000000000e-01 5.186703801155090332e-01
5.000000000000000000e-01 5.000000000000000000e-01 5.193370580673217773e-01
5.000000000000000000e-01 5.000000000000000000e-01 5.200037360191345215e-01
5.000000000000000000e-01 5.000000000000000000e-01 5.206704139709472656e-01
5.000000000000000000e-01 5.000000000000000000e-01 5.213370919227600098e-01
5.000000000000000000e-01 5.000000000000000000e-01 5.220037698745727539e-01
5.000000000000000000e-01 5.000000000000000000e-01 5.226704478263854980e-01
5.000000000000000000e-01 5.000000000000000000e-01 5.233371257781982422e-01
5.000000000000000000e-01 5.000000000000000000e-01 5.240038037300109863e-01
5.000000000000000000e-01 5.000000000000000000e-01 5.246704816818237305e-01
5.000000000000000000e-01 5.000000000000000000e-01 5.253371596336364746e-01
5.000000000000000000e-01 5.000000000000000000e-01 5.260038375854492188e-01
5.000000000000000000e-01 5.000000000000000000e-01 5.266705155372619629e-01
5.000000000000000000e-01 5.000000000000000000e-01 5.273371934890747070e-01
5.000000000000000000e-01 5.000000000000000000e-01 5.280038714408874512e-01
5.000000000000000000e-01 5.000000000000000000e-01 5.286705493927001953e-01
5.000000000000000000e-01 5.000000000000000000e-01 5.293372273445129395e-01
5.000000000000000000e-01 5.000000000000000000e-01 5.300039052963256836e-01
5.000000000000000000e-01 5.000000000000000000e-01 5.306705832481384277e-01
5.000000000000000000e-01 5.000000000000000000e-01 5.313372611999511719e-01
5.000000000000000000e-01 5.000000000000000000e-01 5.320039391517639160e-01
5.000000000000000000e-01 5.000000000000000000e-01 5.326706171035766602e-01
5.000000000000000000e-01 5.000000000000000000e-01 5.333372950553894043e-01
5.000000000000000000e-01 5.000000000000000000e-01 5.340039730072021484e-01
5.000000000000000000e-01 5.000000000000000000e-01 5.346706509590148926e-01
5.000000000000000000e-01 5.000000000000000000e-01 5.353373289108276367e-01
5.000000000000000000e-01 5.000000000000000000e-01 5.360040068626403809e-01
5.000000000000000000e-01 5.000000000000000000e-01 5.366706848144531250e-01
5.000000000000000000e-01 5.000000000000000000e-01 5.373373627662658691e-01
5.000000000000000000e-01 5.000000000000000000e-01 5.380040407180786133e-01
5.000000000000000000e-01 5.000000000000000000e-01 5.386707186698913574e-01
5.000000000000000000e-01 5.000000000000000000e-01 5.393373966217041016e-01
5.000000000000000000e-01 5.000000000000000000e-01 5.400040745735168457e-01
5.000000000000000000e-01 5.000000000000000000e-01 5.406707525253295898e-01
5.000000000000000000e-01 5.000000000000000000e-01 5.413374304771423340e-01
5.000000000000000000e-01 5.000000000000000000e-01 5.420041084289550781e-01
5.000000000000000000e-01 5.000000000000000000e-01 5.426707863807678223e-01
5.000000000000000000e-01 5.000000000000000000e-01 5.433374643325805664e-01
5.000000000000000000e-01 5.000000000000000000e-01 5.440041422843933105e-01
5.000000000000000000e-01 5.000000000000000000e-01 5.446708202362060547e-01
5.000000000000000000e-01 5.000000000000000000e-01 5.453374981880187988e-01
5.000000000000000000e-01 5.000000000000000000e-01 5.460041761398315430e-01
5.000000000000000000e-01 5.000000000000000000e-01 5.466708540916442871e-01
5.000000000000000000e-01 5.000000000000000000e-01 5.473375320434570312e-01
5.000000000000000000e-01 5.000000000000000000e-01 5.480042099952697754e-01
5.000000000000000000e-01 5.000000000000000000e-01 5.486708879470825195e-01
5.000000000000000000e-01 5.000000000000000000e-01 5.493375658988952637e-01
5.000000000000000000e-01 5.000000000000000000e-01 5.500042438507080078e-01
5.000000000000000000e-01 5.000000000000000000e-01 5.506709218025207520e-01
5.000000000000000000e-01 5.000000000000000000e-01 5.513375997543334961e-01
5.000000000000000000e-01 5.000000000000000000e-01 5.520042777061462402e-01
5.000000000000000000e-01 5.000000000000000000e-01 5.526709556579589844e-01
5.000000000000000000e-01 5.000000000000000000e-01 5.533376336097717285e-01
5.000000000000000000e-01 5.000000000000000000e-01 5.540043115615844727e-01
5.000000000000000000e-01 5.000000000000000000e-01 5.546709895133972168e-01
5.000000000000000000e-01 5.000000000000000000e-01 5.553376674652099609e-01
5.000000000000000000e-01 5.000000000000000000e-01 5.560043454170227051e-01
5.000000000000000000e-01 5.000000000000000000e-01 5.566710233688354492e-01
5.000000000000000000e-01 5.000000000000000000e-01 5.573377013206481934e-01
5.000000000000000000e-01 5.000000000000000000e-01 5.580043792724609375e-01
5.000000000000000000e-01 5.000000000000000000e-01 5.586710572242736816e-01
5.000000000000000000e-01 5.000000000000000000e-01 5.593377351760864258e-01
5.000000000000000000e-01 5.000000000000000000e-01 5.600044131278991699e-01
5.000000000000000000e-01 5.000000000000000000e-01 5.606710910797119141e-01
5.000000000000000000e-01 5.000000000000000000e-01 5.613377690315246582e-01
5.000000000000000000e-01 5.000000000000000000e-01 5.620044469833374023e-01
5.000000000000000000e-01 5.000000000000000000e-01 5.626711249351501465e-01
5.000000000000000000e-01 5.000000000000000000e-01 5.633378028869628906e-01
5.000000000000000000e-01 5.000000000000000000e-01 5.640044808387756348e-01
5.000000000000000000e-01 5.000000000000000000e-01 5.646711587905883789e-01
5.000000000000000000e-01 5.000000000000000000e-01 5.653378367424011230e-01
5.000000000000000000e-01 5.000000000000000000e-01 5.660045146942138672e-01
5.000000000000000000e-01 5.000000000000000000e-01 5.666711926460266113e-01
5.000000000000000000e-01 5.000000000000000000e-01 5.673378705978393555e-01
5.000000000000000000e-01 5.000000000000000000e-01 5.680045485496520996e-01
5.000000000000000000e-01 5.000000000000000000e-01 5.686712265014648438e-01
5.000000000000000000e-01 5.000000000000000000e-01 5.693379044532775879e-01
5.000000000000000000e-01 5.000000000000000000e-01 5.700045824050903320e-01
5.000000000000000000e-01 5.000000000000000000e-01 5.706712603569030762e-01
5.000000000000000000e-01 5.000000000000000000e-01 5.713379383087158203e-01
5.000000000000000000e-01 5.000000000000000000e-01 5.720046162605285645e-01
5.000000000000000000e-01 5.000000000000000000e-01 5.726712942123413086e-01
5.000000000000000000e-01 5.000000000000000000e-01 5.733379721641540527e-01
5.000000000000000000e-01 5.000000000000000000e-01 5.740046501159667969e-01
5.000000000000000000e-01 5.000000000000000000e-01 5.746713280677795410e-01
5.000000000000000000e-01 5.000000000000000000e-01 5.753380060195922852e-01
5.000000000000000000e-01 5.000000000000000000e-01 5.760046839714050293e-01
5.000000000000000000e-01 5.000000000000000000e-01 5.766713619232177734e-01
5.000000000000000000e-01 5.000000000000000000e-01 5.773380398750305176e-01
5.000000000000000000e-01 5.000000000000000000e-01 5.780047178268432617e-01
5.000000000000000000e-01 5.000000000000000000e-01 5.786713957786560059e-01
5.000000000000000000e-01 5.000000000000000000e-01 5.793380737304687500e-01
5.000000000000000000e-01 5.000000000000000000e-01 5.800047516822814941e-01
5.000000000000000000e-01 5.000000000000000000e-01 5.806714296340942383e-01
5.000000000000000000e-01 5.000000000000000000e-01 5.813381075859069824e-01
5.000000000000000000e-01 5.000000000000000000e-01 5.820047855377197266e-01
5.000000000000000000e-01 5.000000000000000000e-01 5.826714634895324707e-01
5.000000000000000000e-01 5.000000000000000000e-01 5.833381414413452148e-01
5.000000000000000000e-01 5.000000000000000000e-01 5.840048193931579590e-01
5.000000000000000000e-01 5.000000000000000000e-01 5.846714973449707031e-01
5.000000000000000000e-01 5.000000000000000000e-01 5.853381752967834473e-01
5.000000000000000000e-01 5.000000000000000000e-01 5.860048532485961914e-01
5.000000000000000000e-01 5.000000000000000000e-01 5.866715312004089355e-01
5.000000000000000000e-01 5.000000000000000000e-01 5.873382091522216797e-01
5.000000000000000000e-01 5.000000000000000000e-01 5.880048871040344238e-01
5.000000000000000000e-01 5.000000000000000000e-01 5.886715650558471680e-01
5.000000000000000000e-01 5.000000000000000000e-01 5.893382430076599121e-01
5.000000000000000000e-01 5.000000000000000000e-01 5.900049209594726562e-01
5.000000000000000000e-01 5.000000000000000000e-01 5.906715989112854004e-01
5.000000000000000000e-01 5.000000000000000000e-01 5.913382768630981445e-01
5.000000000000000000e-01 5.000000000000000000e-01 5.920049548149108887e-01
5.000000000000000000e-01 5.000000000000000000e-01 5.926716327667236328e-01
5.000000000000000000e-01 5.000000000000000000e-01 5.933383107185363770e-01
5.000000000000000000e-01 5.000000000000000000e-01 5.940049886703491211e-01
5.000000000000000000e-01 5.000000000000000000e-01 5.946716666221618652e-01
5.000000000000000000e-01 5.000000000000000000e-01 5.953383445739746094e-01
5.000000000000000000e-01 5.000000000000000000e-01 5.960050225257873535e-01
5.000000000000000000e-01 5.000000000000000000e-01 5.966717004776000977e-01
5.000000000000000000e-01 5.000000000000000000e-01 5.973383784294128418e-01
5.000000000000000000e-01 5.000000000000000000e-01 5.980050563812255859e-01
5.000000000000000000e-01 5.000000000000000000e-01 5.986717343330383301e-01
5.000000000000000000e-01 5.000000000000000000e-01 5.993384122848510742e-01
5.000000000000000000e-01 5.000000000000000000e-01 6.000050902366638184e-01
5.000000000000000000e-01 5.000000000000000000e-01 6.006717681884765625e-01
5.000000000000000000e-01 5.000000000000000000e-01 6.013384461402893066e-01
5.000000000000000000e-01 5.000000000000000000e-01 6.020051240921020508e-01
5.000000000000000000e-01 5.000000000000000000e-01 6.026718020439147949e-01
5.000000000000000000e-01 5.000000000000000000e-01 6.033384799957275391e-01
5.000000000000000000e-01 5.000000000000000000e-01 6.040051579475402832e-01
5.000000000000000000e-01 5.000000000000000000e-01 6.046718358993530273e-01
5.000000000000000000e-01 5.000000000000000000e-01 6.053385138511657715e-01
5.000000000000000000e-01 5.000000000000000000e-01 6.060051918029785156e-01
5.000000000000000000e-01 5.000000000000000000e-01 6.066718697547912598e-01
5.000000000000000000e-01 5.000000000000000000e-01 6.073385477066040039e-01
5.000000000000000000e-01 5.000000000000000000e-01 6.080052256584167480e-01
5.000000000000000000e-01 5.000000000000000000e-01 6.086719036102294922e-01
5.000000000000000000e-01 5.000000000000000000e-01 6.093385815620422363e-01
5.000000000000000000e-01 5.000000000000000000e-01 6.100052595138549805e-01
5.000000000000000000e-01 5.000000000000000000e-01 6.106719374656677246e-01
5.000000000000000000e-01 5.000000000000000000e-01 6.113386154174804688e-01
5.000000000000000000e-01 5.000000000000000000e-01 6.120052933692932129e-01
5.000000000000000000e-01 5.000000000000000000e-01 6.126719713211059570e-01
5.000000000000000000e-01 5.000000000000000000e-01 6.133386492729187012e-01
5.000000000000000000e-01 5.000000000000000000e-01 6.140053272247314453e-01
5.000000000000000000e-01 5.000000000000000000e-01 6.146720051765441895e-01
5.000000000000000000e-01 5.000000000000000000e-01 6.153386831283569336e-01
5.000000000000000000e-01 5.000000000000000000e-01 6.160053610801696777e-01
5.000000000000000000e-01 5.000000000000000000e-01 6.166720390319824219e-01
5.000000000000000000e-01 5.000000000000000000e-01 6.173387169837951660e-01
5.000000000000000000e-01 5.000000000000000000e-01 6.180053949356079102e-01
5.000000000000000000e-01 5.000000000000000000e-01 6.186720728874206543e-01
5.000000000000000000e-01 5.000000000000000000e-01 6.193387508392333984e-01
5.000000000000000000e-01 5.000000000000000000e-01 6.200054287910461426e-01
5.000000000000000000e-01 5.000000000000000000e-01 6.206721067428588867e-01
5.000000000000000000e-01 5.000000000000000000e-01 6.213387846946716309e-01
5.000000000000000000e-01 5.000000000000000000e-01 6.220054626464843750e-01
5.000000000000000000e-01 5.000000000000000000e-01 6.226721405982971191e-01
5.000000000000000000e-01 5.000000000000000000e-01 6.233388185501098633e-01
5.000000000000000000e-01 5.000000000000000000e-01 6.240054965019226074e-01
5.000000000000000000e-01 5.000000000000000000e-01 6.246721744537353516e-01
5.000000000000000000e-01 5.000000000000000000e-01 6.253388524055480957e-01
5.000000000000000000e-01 5.000000000000000000e-01 6.260055303573608398e-01
5.000000000000000000e-01 5.000000000000000000e-01 6.266722083091735840e-01
5.000000000000000000e-01 5.000000000000000000e-01 6.273388862609863281e-01
5.000000000000000000e-01 5.000000000000000000e-01 6.280055642127990723e-01
5.000000000000000000e-01 5.000000000000000000e-01 6.286722421646118164e-01
5.000000000000000000e-01 5.000000000000000000e-01 6.293389201164245605e-01
5.000000000000000000e-01 5.000000000000000000e-01 6.300055980682373047e-01
5.000000000000000000e-01 5.000000000000000000e-01 6.306722760200500488e-01
5.000000000000000000e-01 5.000000000000000000e-01 6.313389539718627930e-01
5.000000000000000000e-01 5.000000000000000000e-01 6.320056319236755371e-01
5.000000000000000000e-01 5.000000000000000000e-01 6.326723098754882812e-01
5.000000000000000000e-01 5.000000000000000000e-01 6.333389878273010254e-01
5.000000000000000000e-01 5.000000000000000000e-01 6.340056657791137695e-01
5.000000000000000000e-01 5.000000000000000000e-01 6.346723437309265137e-01
5.000000000000000000e-01 5.000000000000000000e-01 6.353390216827392578e-01
5.000000000000000000e-01 5.000000000000000000e-01 6.360056996345520020e-01
5.000000000000000000e-01 5.000000000000000000e-01 6.366723775863647461e-01
5.000000000000000000e-01 5.000000000000000000e-01 6.373390555381774902e-01
5.000000000000000000e-01 5.000000000000000000e-01 6.380057334899902344e-01
5.000000000000000000e-01 5.000000000000000000e-01 6.386724114418029785e-01
5.000000000000000000e-01 5.000000000000000000e-01 6.393390893936157227e-01
5.000000000000000000e-01 5.000000000000000000e-01 6.400057673454284668e-01
5.000000000000000000e-01 5.000000000000000000e-01 6.406724452972412109e-01
5.000000000000000000e-01 5.000000000000000000e-01 6.413391232490539551e-01
5.000000000000000000e-01 5.000000000000000000e-01 6.420058012008666992e-01
5.000000000000000000e-01 5.000000000000000000e-01 6.426724791526794434e-01
5.000000000000000000e-01 5.000000000000000000e-01 6.433391571044921875e-01
5.000000000000000000e-01 5.000000000000000000e-01 6.440058350563049316e-01
5.000000000000000000e-01 5.000000000000000000e-01 6.446725130081176758e-01
5.000000000000000000e-01 5.000000000000000000e-01 6.453391909599304199e-01
5.000000000000000000e-01 5.000000000000000000e-01 6.460058689117431641e-01
5.000000000000000000e-01 5.000000000000000000e-01 6.466725468635559082e-01
5.000000000000000000e-01 5.000000000000000000e-01 6.473392248153686523e-01
5.000000000000000000e-01 5.000000000000000000e-01 6.480059027671813965e-01
5.000000000000000000e-01 5.000000000000000000e-01 6.486725807189941406e-01
5.000000000000000000e-01 5.000000000000000000e-01 6.493392586708068848e-01
5.000000000000000000e-01 5.000000000000000000e-01 6.500059366226196289e-01
5.000000000000000000e-01 5.000000000000000000e-01 6.506726145744323730e-01
5.000000000000000000e-01 5.000000000000000000e-01 6.513392925262451172e-01
5.000000000000000000e-01 5.000000000000000000e-01 6.520059704780578613e-01
5.000000000000000000e-01 5.000000000000000000e-01 6.526726484298706055e-01
5.000000000000000000e-01 5.000000000000000000e-01 6.533393263816833496e-01
5.000000000000000000e-01 5.000000000000000000e-01 6.540060043334960938e-01
5.000000000000000000e-01 5.000000000000000000e-01 6.546726822853088379e-01
5.000000000000000000e-01 5.000000000000000000e-01 6.553393602371215820e-01
5.000000000000000000e-01 5.000000000000000000e-01 6.560060381889343262e-01
5.000000000000000000e-01 5.000000000000000000e-01 6.566727161407470703e-01
5.000000000000000000e-01 5.000000000000000000e-01 6.573393940925598145e-01
5.000000000000000000e-01 5.000000000000000000e-01 6.580060720443725586e-01
5.000000000000000000e-01 5.000000000000000000e-01 6.586727499961853027e-01
5.000000000000000000e-01 5.000000000000000000e-01 6.593394279479980469e-01
5.000000000000000000e-01 5.000000000000000000e-01 6.600061058998107910e-01
5.000000000000000000e-01 5.000000000000000000e-01 6.606727838516235352e-01
5.000000000000000000e-01 5.000000000000000000e-01 6.613394618034362793e-01
5.000000000000000000e-01 5.000000000000000000e-01 6.620061397552490234e-01
5.000000000000000000e-01 5.000000000000000000e-01 6.626728177070617676e-01
5.000000000000000000e-01 5.000000000000000000e-01 6.633394956588745117e-01
5.000000000000000000e-01 5.000000000000000000e-01 6.640061736106872559e-01
5.000000000000000000e-01 5.000000000000000000e-01 6.646728515625000000e-01
5.000000000000000000e-01 5.000000000000000000e-01 6.653395295143127441e-01
5.000000000000000000e-01 5.000000000000000000e-01 6.660062074661254883e-01
5.000000000000000000e-01 5.000000000000000000e-01 6.666728854179382324e-01
5.000000000000000000e-01 5.000000000000000000e-01 6.673395633697509766e-01
5.000000000000000000e-01 5.000000000000000000e-01 6.680062413215637207e-01
5.000000000000000000e-01 5.000000000000000000e-01 6.686729192733764648e-01
5.000000000000000000e-01 5.000000000000000000e-01 6.693395972251892090e-01
5.000000000000000000e-01 5.000000000000000000e-01 6.700062751770019531e-01
5.000000000000000000e-01 5.000000000000000000e-01 6.706729531288146973e-01
5.000000000000000000e-01 5.000000000000000000e-01 6.713396310806274414e-01
5.000000000000000000e-01 5.000000000000000000e-01 6.720063090324401855e-01
5.000000000000000000e-01 5.000000000000000000e-01 6.726729869842529297e-01
5.000000000000000000e-01 5.000000000000000000e-01 6.733396649360656738e-01
5.000000000000000000e-01 5.000000000000000000e-01 6.740063428878784180e-01
5.000000000000000000e-01 5.000000000000000000e-01 6.746730208396911621e-01
5.000000000000000000e-01 5.000000000000000000e-01 6.753396987915039062e-01
5.000000000000000000e-01 5.000000000000000000e-01 6.760063767433166504e-01
5.000000000000000000e-01 5.000000000000000000e-01 6.766730546951293945e-01
5.000000000000000000e-01 5.000000000000000000e-01 6.773397326469421387e-01
5.000000000000000000e-01 5.000000000000000000e-01 6.780064105987548828e-01
5.000000000000000000e-01 5.000000000000000000e-01 6.786730885505676270e-01
5.000000000000000000e-01 5.000000000000000000e-01 6.793397665023803711e-01
5.000000000000000000e-01 5.000000000000000000e-01 6.800064444541931152e-01
5.000000000000000000e-01 5.000000000000000000e-01 6.806731224060058594e-01
5.000000000000000000e-01 5.000000000000000000e-01 6.813398003578186035e-01
5.000000000000000000e-01 5.000000000000000000e-01 6.820064783096313477e-01
5.000000000000000000e-01 5.000000000000000000e-01 6.826731562614440918e-01
5.000000000000000000e-01 5.000000000000000000e-01 6.833398342132568359e-01
5.000000000000000000e-01 5.000000000000000000e-01 6.840065121650695801e-01
5.000000000000000000e-01 5.000000000000000000e-01 6.846731901168823242e-01
5.000000000000000000e-01 5.000000000000000000e-01 6.853398680686950684e-01
5.000000000000000000e-01 5.000000000000000000e-01 6.860065460205078125e-01
5.000000000000000000e-01 5.000000000000000000e-01 6.866732239723205566e-01
5.000000000000000000e-01 5.000000000000000000e-01 6.873399019241333008e-01
5.000000000000000000e-01 5.000000000000000000e-01 6.880065798759460449e-01
5.000000000000000000e-01 5.000000000000000000e-01 6.886732578277587891e-01
5.000000000000000000e-01 5.000000000000000000e-01 6.893399357795715332e-01
5.000000000000000000e-01 5.000000000000000000e-01 6.900066137313842773e-01
5.000000000000000000e-01 5.000000000000000000e-01 6.906732916831970215e-01
5.000000000000000000e-01 5.000000000000000000e-01 6.913399696350097656e-01
5.000000000000000000e-01 5.000000000000000000e-01 6.920066475868225098e-01
5.000000000000000000e-01 5.000000000000000000e-01 6.926733255386352539e-01
5.000000000000000000e-01 5.000000000000000000e-01 6.933400034904479980e-01
5.000000000000000000e-01 5.000000000000000000e-01 6.940066814422607422e-01
5.000000000000000000e-01 5.000000000000000000e-01 6.946733593940734863e-01
5.000000000000000000e-01 5.000000000000000000e-01 6.953400373458862305e-01
5.000000000000000000e-01 5.000000000000000000e-01 6.960067152976989746e-01
5.000000000000000000e-01 5.000000000000000000e-01 6.966733932495117188e-01
5.000000000000000000e-01 5.000000000000000000e-01 6.973400712013244629e-01
5.000000000000000000e-01 5.000000000000000000e-01 6.980067491531372070e-01
5.000000000000000000e-01 5.000000000000000000e-01 6.986734271049499512e-01
5.000000000000000000e-01 5.000000000000000000e-01 6.993401050567626953e-01
5.000000000000000000e-01 5.000000000000000000e-01 7.000067830085754395e-01
5.000000000000000000e-01 5.000000000000000000e-01 7.006734609603881836e-01
5.000000000000000000e-01 5.000000000000000000e-01 7.013401389122009277e-01
5.000000000000000000e-01 5.000000000000000000e-01 7.020068168640136719e-01
5.000000000000000000e-01 5.000000000000000000e-01 7.026734948158264160e-01
5.000000000000000000e-01 5.000000000000000000e-01 7.033401727676391602e-01
5.000000000000000000e-01 5.000000000000000000e-01 7.040068507194519043e-01
5.000000000000000000e-01 5.000000000000000000e-01 7.046735286712646484e-01
5.000000000000000000e-01 5.000000000000000000e-01 7.053402066230773926e-01
5.000000000000000000e-01 5.000000000000000000e-01 7.060068845748901367e-01
5.000000000000000000e-01 5.000000000000000000e-01 7.066735625267028809e-01
5.000000000000000000e-01 5.000000000000000000e-01 7.073402404785156250e-01
5.000000000000000000e-01 5.000000000000000000e-01 7.080069184303283691e-01
5.000000000000000000e-01 5.000000000000000000e-01 7.086735963821411133e-01
5.000000000000000000e-01 5.000000000000000000e-01 7.093402743339538574e-01
5.000000000000000000e-01 5.000000000000000000e-01 7.100069522857666016e-01
5.000000000000000000e-01 5.000000000000000000e-01 7.106736302375793457e-01
5.000000000000000000e-01 5.000000000000000000e-01 7.113403081893920898e-01
5.000000000000000000e-01 5.000000000000000000e-01 7.120069861412048340e-01
5.000000000000000000e-01 5.000000000000000000e-01 7.126736640930175781e-01
5.000000000000000000e-01 5.000000000000000000e-01 7.133403420448303223e-01
5.000000000000000000e-01 5.000000000000000000e-01 7.140070199966430664e-01
5.000000000000000000e-01 5.000000000000000000e-01 7.146736979484558105e-01
5.000000000000000000e-01 5.000000000000000000e-01 7.153403759002685547e-01
5.000000000000000000e-01 5.000000000000000000e-01 7.160070538520812988e-01
5.000000000000000000e-01 5.000000000000000000e-01 7.166737318038940430e-01
5.000000000000000000e-01 5.000000000000000000e-01 7.173404097557067871e-01
5.000000000000000000e-01 5.000000000000000000e-01 7.180070877075195312e-01
5.000000000000000000e-01 5.000000000000000000e-01 7.186737656593322754e-01
5.000000000000000000e-01 5.000000000000000000e-01 7.193404436111450195e-01
5.000000000000000000e-01 5.000000000000000000e-01 7.200071215629577637e-01
5.000000000000000000e-01 5.000000000000000000e-01 7.206737995147705078e-01
5.000000000000000000e-01 5.000000000000000000e-01 7.213404774665832520e-01
5.000000000000000000e-01 5.000000000000000000e-01 7.220071554183959961e-01
5.000000000000000000e-01 5.000000000000000000e-01 7.226738333702087402e-01
5.000000000000000000e-01 5.000000000000000000e-01 7.233405113220214844e-01
5.000000000000000000e-01 5.000000000000000000e-01 7.240071892738342285e-01
5.000000000000000000e-01 5.000000000000000000e-01 7.246738672256469727e-01
5.000000000000000000e-01 5.000000000000000000e-01 7.253405451774597168e-01
5.000000000000000000e-01 5.000000000000000000e-01 7.260072231292724609e-01
5.000000000000000000e-01 5.000000000000000000e-01 7.266739010810852051e-01
5.000000000000000000e-01 5.000000000000000000e-01 7.273405790328979492e-01
5.000000000000000000e-01 5.000000000000000000e-01 7.280072569847106934e-01
5.000000000000000000e-01 5.000000000000000000e-01 7.286739349365234375e-01
5.000000000000000000e-01 5.000000000000000000e-01 7.293406128883361816e-01
5.000000000000000000e-01 5.000000000000000000e-01 7.300072908401489258e-01
5.000000000000000000e-01 5.000000000000000000e-01 7.306739687919616699e-01
5.000000000000000000e-01 5.000000000000000000e-01 7.313406467437744141e-01
5.000000000000000000e-01 5.000000000000000000e-01 7.320073246955871582e-01
5.000000000000000000e-01 5.000000000000000000e-01 7.326740026473999023e-01
5.000000000000000000e-01 5.000000000000000000e-01 7.333406805992126465e-01
5.000000000000000000e-01 5.000000000000000000e-01 7.340073585510253906e-01
5.000000000000000000e-01 5.000000000000000000e-01 7.346740365028381348e-01
5.000000000000000000e-01 5.000000000000000000e-01 7.353407144546508789e-01
5.000000000000000000e-01 5.000000000000000000e-01 7.360073924064636230e-01
5.000000000000000000e-01 5.000000000000000000e-01 7.366740703582763672e-01
5.000000000000000000e-01 5.000000000000000000e-01 7.373407483100891113e-01
5.000000000000000000e-01 5.000000000000000000e-01 7.380074262619018555e-01
5.000000000000000000e-01 5.000000000000000000e-01 7.386741042137145996e-01
5.000000000000000000e-01 5.000000000000000000e-01 7.393407821655273438e-01
5.000000000000000000e-01 5.000000000000000000e-01 7.400074601173400879e-01
5.000000000000000000e-01 5.000000000000000000e-01 7.406741380691528320e-01
5.000000000000000000e-01 5.000000000000000000e-01 7.413408160209655762e-01
5.000000000000000000e-01 5.000000000000000000e-01 7.420074939727783203e-01
5.000000000000000000e-01 5.000000000000000000e-01 7.426741719245910645e-01
5.000000000000000000e-01 5.000000000000000000e-01 7.433408498764038086e-01
5.000000000000000000e-01 5.000000000000000000e-01 7.440075278282165527e-01
5.000000000000000000e-01 5.000000000000000000e-01 7.446742057800292969e-01
5.000000000000000000e-01 5.000000000000000000e-01 7.453408837318420410e-01
5.000000000000000000e-01 5.000000000000000000e-01 7.460075616836547852e-01
5.000000000000000000e-01 5.000000000000000000e-01 7.466742396354675293e-01
5.000000000000000000e-01 5.000000000000000000e-01 7.473409175872802734e-01
5.000000000000000000e-01 5.000000000000000000e-01 7.480075955390930176e-01
5.000000000000000000e-01 5.000000000000000000e-01 7.486742734909057617e-01
5.000000000000000000e-01 5.000000000000000000e-01 7.493409514427185059e-01
5.000000000000000000e-01 5.000000000000000000e-01 7.500076293945312500e-01
5.000000000000000000e-01 5.000000000000000000e-01 7.506743073463439941e-01
5.000000000000000000e-01 5.000000000000000000e-01 7.513409852981567383e-01
5.000000000000000000e-01 5.000000000000000000e-01 7.520076632499694824e-01
5.000000000000000000e-01 5.000000000000000000e-01 7.526743412017822266e-01
5.000000000000000000e-01 5.000000000000000000e-01 7.533410191535949707e-01
5.000000000000000000e-01 5.000000000000000000e-01 7.540076971054077148e-01
5.000000000000000000e-01 5.000000000000000000e-01 7.546743750572204590e-01
5.000000000000000000e-01 5.000000000000000000e-01 7.553410530090332031e-01
5.000000000000000000e-01 5.000000000000000000e-01 7.560077309608459473e-01
5.000000000000000000e-01 5.000000000000000000e-01 7.566744089126586914e-01
5.000000000000000000e-01 5.000000000000000000e-01 7.573410868644714355e-01
5.000000000000000000e-01 5.000000000000000000e-01 7.580077648162841797e-01
5.000000000000000000e-01 5.000000000000000000e-01 7.586744427680969238e-01
5.000000000000000000e-01 5.000000000000000000e-01 7.593411207199096680e-01
5.000000000000000000e-01 5.000000000000000000e-01 7.600077986717224121e-01
5.000000000000000000e-01 5.000000000000000000e-01 7.606744766235351562e-01
5.000000000000000000e-01 5.000000000000000000e-01 7.613411545753479004e-01
5.000000000000000000e-01 5.000000000000000000e-01 7.620078325271606445e-01
5.000000000000000000e-01 5.000000000000000000e-01 7.626745104789733887e-01
5.000000000000000000e-01 5.000000000000000000e-01 7.633411884307861328e-01
5.000000000000000000e-01 5.000000000000000000e-01 7.640078663825988770e-01
5.000000000000000000e-01 5.000000000000000000e-01 7.646745443344116211e-01
5.000000000000000000e-01 5.000000000000000000e-01 7.653412222862243652e-01
5.000000000000000000e-01 5.000000000000000000e-01 7.660079002380371094e-01
5.000000000000000000e-01 5.000000000000000000e-01 7.660079002380371094e-01
5.000000000000000000e-01 5.000000000000000000e-01 7.660079002380371094e-01
5.000000000000000000e-01 5.000000000000000000e-01 7.660079002380371094e-01
5.000000000000000000e-01 5.000000000000000000e-01 7.660079002380371094e-01
5.000000000000000000e-01 5.000000000000000000e-01 7.660079002380371094e-01
5.000000000000000000e-01 5.000000000000000000e-01 7.660079002380371094e-01
5.000000000000000000e-01 5.000000000000000000e-01 7.660079002380371094e-01
5.000000000000000000e-01 5.000000000000000000e-01 7.660079002380371094e-01
5.000000000000000000e-01 5.000000000000000000e-01 7.660079002380371094e-01
5.000000000000000000e-01 5.000000000000000000e-01 7.660079002380371094e-01
5.000000000000000000e-01 5.000000000000000000e-01 7.660079002380371094e-01
5.000000000000000000e-01 5.000000000000000000e-01 7.660079002380371094e-01
5.000000000000000000e-01 5.000000000000000000e-01 7.660079002380371094e-01
5.000000000000000000e-01 5.000000000000000000e-01 7.660079002380371094e-01
5.000000000000000000e-01 5.000000000000000000e-01 7.660079002380371094e-01
5.000000000000000000e-01 5.000000000000000000e-01 7.660079002380371094e-01
5.000000000000000000e-01 5.000000000000000000e-01 7.660079002380371094e-01
5.000000000000000000e-01 5.000000000000000000e-01 7.660079002380371094e-01
5.000000000000000000e-01 5.000000000000000000e-01 7.660079002380371094e-01
5.000000000000000000e-01 5.000000000000000000e-01 7.660079002380371094e-01
5.000000000000000000e-01 5.000000000000000000e-01 7.660079002380371094e-01
5.000000000000000000e-01 5.000000000000000000e-01 7.660079002380371094e-01
5.000000000000000000e-01 5.000000000000000000e-01 7.660079002380371094e-01
5.000000000000000000e-01 5.000000000000000000e-01 7.660079002380371094e-01
5.000000000000000000e-01 5.000000000000000000e-01 7.660079002380371094e-01
5.000000000000000000e-01 5.000000000000000000e-01 7.660079002380371094e-01
5.000000000000000000e-01 5.000000000000000000e-01 7.660079002380371094e-01
5.000000000000000000e-01 5.000000000000000000e-01 7.660079002380371094e-01
5.000000000000000000e-01 5.000000000000000000e-01 7.660079002380371094e-01
5.000000000000000000e-01 5.000000000000000000e-01 7.660079002380371094e-01
5.000000000000000000e-01 5.000000000000000000e-01 7.660079002380371094e-01
5.000000000000000000e-01 5.000000000000000000e-01 7.660079002380371094e-01
5.000000000000000000e-01 5.000000000000000000e-01 7.660079002380371094e-01
5.000000000000000000e-01 5.000000000000000000e-01 7.660079002380371094e-01
5.000000000000000000e-01 5.000000000000000000e-01 7.660079002380371094e-01
5.000000000000000000e-01 5.000000000000000000e-01 7.660079002380371094e-01
5.000000000000000000e-01 5.000000000000000000e-01 7.660079002380371094e-01
5.000000000000000000e-01 5.000000000000000000e-01 7.660079002380371094e-01
5.000000000000000000e-01 5.000000000000000000e-01 7.660079002380371094e-01
5.000000000000000000e-01 5.000000000000000000e-01 7.660079002380371094e-01
5.000000000000000000e-01 5.000000000000000000e-01 7.660079002380371094e-01
5.000000000000000000e-01 5.000000000000000000e-01 7.660079002380371094e-01
5.000000000000000000e-01 5.000000000000000000e-01 7.660079002380371094e-01
5.000000000000000000e-01 5.000000000000000000e-01 7.660079002380371094e-01
5.000000000000000000e-01 5.000000000000000000e-01 7.660079002380371094e-01
5.000000000000000000e-01 5.000000000000000000e-01 7.660079002380371094e-01
5.000000000000000000e-01 5.000000000000000000e-01 7.660079002380371094e-01
5.000000000000000000e-01 5.000000000000000000e-01 7.660079002380371094e-01
5.000000000000000000e-01 5.000000000000000000e-01 7.660079002380371094e-01
5.000000000000000000e-01 5.000000000000000000e-01 7.660079002380371094e-01
5.000000000000000000e-01 5.000000000000000000e-01 7.660079002380371094e-01
5.000000000000000000e-01 5.000000000000000000e-01 7.660079002380371094e-01
5.000000000000000000e-01 5.000000000000000000e-01 7.660079002380371094e-01
5.000000000000000000e-01 5.000000000000000000e-01 7.660079002380371094e-01
5.000000000000000000e-01 5.000000000000000000e-01 7.660079002380371094e-01
5.000000000000000000e-01 5.000000000000000000e-01 7.660079002380371094e-01
5.000000000000000000e-01 5.000000000000000000e-01 7.660079002380371094e-01
5.000000000000000000e-01 5.000000000000000000e-01 7.660079002380371094e-01
5.000000000000000000e-01 5.000000000000000000e-01 7.660079002380371094e-01
5.000000000000000000e-01 5.000000000000000000e-01 7.660079002380371094e-01
5.000000000000000000e-01 5.000000000000000000e-01 7.660079002380371094e-01
5.000000000000000000e-01 5.000000000000000000e-01 7.660079002380371094e-01
5.000000000000000000e-01 5.000000000000000000e-01 7.660079002380371094e-01
5.000000000000000000e-01 5.000000000000000000e-01 7.660079002380371094e-01
5.000000000000000000e-01 5.000000000000000000e-01 7.660079002380371094e-01
5.000000000000000000e-01 5.000000000000000000e-01 7.660079002380371094e-01
5.000000000000000000e-01 5.000000000000000000e-01 7.660079002380371094e-01
5.000000000000000000e-01 5.000000000000000000e-01 7.660079002380371094e-01
5.000000000000000000e-01 5.000000000000000000e-01 7.660079002380371094e-01
5.000000000000000000e-01 5.000000000000000000e-01 7.660079002380371094e-01
5.000000000000000000e-01 5.000000000000000000e-01 7.660079002380371094e-01
5.000000000000000000e-01 5.000000000000000000e-01 7.660079002380371094e-01
5.000000000000000000e-01 5.000000000000000000e-01 7.660079002380371094e-01
5.000000000000000000e-01 5.000000000000000000e-01 7.660079002380371094e-01
5.000000000000000000e-01 5.000000000000000000e-01 7.660079002380371094e-01
5.000000000000000000e-01 5.000000000000000000e-01 7.660079002380371094e-01
5.000000000000000000e-01 5.000000000000000000e-01 7.660079002380371094e-01
5.000000000000000000e-01 5.000000000000000000e-01 7.660079002380371094e-01
5.000000000000000000e-01 5.000000000000000000e-01 7.660079002380371094e-01
5.000000000000000000e-01 5.000000000000000000e-01 7.660079002380371094e-01
5.000000000000000000e-01 5.000000000000000000e-01 7.660079002380371094e-01
5.000000000000000000e-01 5.000000000000000000e-01 7.660079002380371094e-01
5.000000000000000000e-01 5.000000000000000000e-01 7.660079002380371094e-01
5.000000000000000000e-01 5.000000000000000000e-01 7.660079002380371094e-01
5.000000000000000000e-01 5.000000000000000000e-01 7.660079002380371094e-01
5.000000000000000000e-01 5.000000000000000000e-01 7.660079002380371094e-01
5.000000000000000000e-01 5.000000000000000000e-01 7.660079002380371094e-01
5.000000000000000000e-01 5.000000000000000000e-01 7.660079002380371094e-01
5.000000000000000000e-01 5.000000000000000000e-01 7.660079002380371094e-01
5.000000000000000000e-01 5.000000000000000000e-01 7.660079002380371094e-01
5.000000000000000000e-01 5.000000000000000000e-01 7.660079002380371094e-01
5.000000000000000000e-01 5.000000000000000000e-01 7.660079002380371094e-01
5.000000000000000000e-01 5.000000000000000000e-01 7.660079002380371094e-01
5.000000000000000000e-01 5.000000000000000000e-01 7.660079002380371094e-01
5.000000000000000000e-01 5.000000000000000000e-01 7.660079002380371094e-01
5.000000000000000000e-01 5.000000000000000000e-01 7.660079002380371094e-01
5.000000000000000000e-01 5.000000000000000000e-01 7.660079002380371094e-01
5.000000000000000000e-01 5.000000000000000000e-01 7.660079002380371094e-01
5.000000000000000000e-01 5.000000000000000000e-01 7.660079002380371094e-01
5.000000000000000000e-01 5.000000000000000000e-01 7.660079002380371094e-01
5.000000000000000000e-01 5.000000000000000000e-01 7.660079002380371094e-01
5.000000000000000000e-01 5.000000000000000000e-01 7.660079002380371094e-01
5.000000000000000000e-01 5.000000000000000000e-01 7.660079002380371094e-01
5.000000000000000000e-01 5.000000000000000000e-01 7.660079002380371094e-01
5.000000000000000000e-01 5.000000000000000000e-01 7.660079002380371094e-01
5.000000000000000000e-01 5.000000000000000000e-01 7.660079002380371094e-01
5.000000000000000000e-01 5.000000000000000000e-01 7.660079002380371094e-01
5.000000000000000000e-01 5.000000000000000000e-01 7.660079002380371094e-01
5.000000000000000000e-01 5.000000000000000000e-01 7.660079002380371094e-01
5.000000000000000000e-01 5.000000000000000000e-01 7.660079002380371094e-01
5.000000000000000000e-01 5.000000000000000000e-01 7.660079002380371094e-01
5.000000000000000000e-01 5.000000000000000000e-01 7.660079002380371094e-01
5.000000000000000000e-01 5.000000000000000000e-01 7.660079002380371094e-01
5.000000000000000000e-01 5.000000000000000000e-01 7.660079002380371094e-01
5.000000000000000000e-01 5.000000000000000000e-01 7.660079002380371094e-01
5.000000000000000000e-01 5.000000000000000000e-01 7.660079002380371094e-01
5.000000000000000000e-01 5.000000000000000000e-01 7.660079002380371094e-01
5.000000000000000000e-01 5.000000000000000000e-01 7.660079002380371094e-01
5.000000000000000000e-01 5.000000000000000000e-01 7.660079002380371094e-01
5.000000000000000000e-01 5.000000000000000000e-01 7.660079002380371094e-01
5.000000000000000000e-01 5.000000000000000000e-01 7.660079002380371094e-01
5.000000000000000000e-01 5.000000000000000000e-01 7.660079002380371094e-01
5.000000000000000000e-01 5.000000000000000000e-01 7.660079002380371094e-01
5.000000000000000000e-01 5.000000000000000000e-01 7.660079002380371094e-01
5.000000000000000000e-01 5.000000000000000000e-01 7.660079002380371094e-01
5.000000000000000000e-01 5.000000000000000000e-01 7.660079002380371094e-01
5.000000000000000000e-01 5.000000000000000000e-01 7.660079002380371094e-01
5.000000000000000000e-01 5.000000000000000000e-01 7.660079002380371094e-01
5.000000000000000000e-01 5.000000000000000000e-01 7.660079002380371094e-01
5.000000000000000000e-01 5.000000000000000000e-01 7.660079002380371094e-01
5.000000000000000000e-01 5.000000000000000000e-01 7.660079002380371094e-01
5.000000000000000000e-01 5.000000000000000000e-01 7.660079002380371094e-01
5.000000000000000000e-01 5.000000000000000000e-01 7.660079002380371094e-01
5.000000000000000000e-01 5.000000000000000000e-01 7.660079002380371094e-01
5.000000000000000000e-01 5.000000000000000000e-01 7.660079002380371094e-01
5.000000000000000000e-01 5.000000000000000000e-01 7.660079002380371094e-01
5.000000000000000000e-01 5.000000000000000000e-01 7.660079002380371094e-01
5.000000000000000000e-01 5.000000000000000000e-01 7.660079002380371094e-01
5.000000000000000000e-01 5.000000000000000000e-01 7.660079002380371094e-01
5.000000000000000000e-01 5.000000000000000000e-01 7.660079002380371094e-01
5.000000000000000000e-01 5.000000000000000000e-01 7.660079002380371094e-01
5.000000000000000000e-01 5.000000000000000000e-01 7.660079002380371094e-01
5.000000000000000000e-01 5.000000000000000000e-01 7.660079002380371094e-01
5.000000000000000000e-01 5.000000000000000000e-01 7.660079002380371094e-01
5.000000000000000000e-01 5.000000000000000000e-01 7.660079002380371094e-01
5.000000000000000000e-01 5.000000000000000000e-01 7.660079002380371094e-01
5.000000000000000000e-01 5.000000000000000000e-01 7.660079002380371094e-01
5.000000000000000000e-01 5.000000000000000000e-01 7.660079002380371094e-01
5.000000000000000000e-01 5.000000000000000000e-01 7.660079002380371094e-01
5.000000000000000000e-01 5.000000000000000000e-01 7.660079002380371094e-01
5.000000000000000000e-01 5.000000000000000000e-01 7.660079002380371094e-01
5.000000000000000000e-01 5.000000000000000000e-01 7.660079002380371094e-01
5.000000000000000000e-01 5.000000000000000000e-01 7.660079002380371094e-01
5.000000000000000000e-01 5.000000000000000000e-01 7.660079002380371094e-01
5.000000000000000000e-01 5.000000000000000000e-01 7.660079002380371094e-01
5.000000000000000000e-01 5.000000000000000000e-01 7.660079002380371094e-01
5.000000000000000000e-01 5.000000000000000000e-01 7.660079002380371094e-01
5.000000000000000000e-01 5.000000000000000000e-01 7.660079002380371094e-01
5.000000000000000000e-01 5.000000000000000000e-01 7.660079002380371094e-01
5.000000000000000000e-01 5.000000000000000000e-01 7.660079002380371094e-01
5.000000000000000000e-01 5.000000000000000000e-01 7.660079002380371094e-01
5.000000000000000000e-01 5.000000000000000000e-01 7.660079002380371094e-01
5.000000000000000000e-01 5.000000000000000000e-01 7.660079002380371094e-01
5.000000000000000000e-01 5.000000000000000000e-01 7.660079002380371094e-01
5.000000000000000000e-01 5.000000000000000000e-01 7.660079002380371094e-01
5.000000000000000000e-01 5.000000000000000000e-01 7.660079002380371094e-01
5.000000000000000000e-01 5.000000000000000000e-01 7.660079002380371094e-01
5.000000000000000000e-01 5.000000000000000000e-01 7.660079002380371094e-01
5.000000000000000000e-01 5.000000000000000000e-01 7.660079002380371094e-01
5.000000000000000000e-01 5.000000000000000000e-01 7.660079002380371094e-01
5.000000000000000000e-01 5.000000000000000000e-01 7.660079002380371094e-01
5.000000000000000000e-01 5.000000000000000000e-01 7.660079002380371094e-01
5.000000000000000000e-01 5.000000000000000000e-01 7.660079002380371094e-01
5.000000000000000000e-01 5.000000000000000000e-01 7.660079002380371094e-01
5.000000000000000000e-01 5.000000000000000000e-01 7.660079002380371094e-01
5.000000000000000000e-01 5.000000000000000000e-01 7.660079002380371094e-01
5.000000000000000000e-01 5.000000000000000000e-01 7.660079002380371094e-01
5.000000000000000000e-01 5.000000000000000000e-01 7.660079002380371094e-01
5.000000000000000000e-01 5.000000000000000000e-01 7.660079002380371094e-01
5.000000000000000000e-01 5.000000000000000000e-01 7.660079002380371094e-01
5.000000000000000000e-01 5.000000000000000000e-01 7.660079002380371094e-01
5.000000000000000000e-01 5.000000000000000000e-01 7.660079002380371094e-01
5.000000000000000000e-01 5.000000000000000000e-01 7.660079002380371094e-01
5.000000000000000000e-01 5.000000000000000000e-01 7.660079002380371094e-01
5.000000000000000000e-01 5.000000000000000000e-01 7.660079002380371094e-01
5.000000000000000000e-01 5.000000000000000000e-01 7.660079002380371094e-01
5.000000000000000000e-01 5.000000000000000000e-01 7.660079002380371094e-01
5.000000000000000000e-01 5.000000000000000000e-01 7.660079002380371094e-01
5.000000000000000000e-01 5.000000000000000000e-01 7.660079002380371094e-01
5.000000000000000000e-01 5.000000000000000000e-01 7.660079002380371094e-01
5.000000000000000000e-01 5.000000000000000000e-01 7.660079002380371094e-01
5.000000000000000000e-01 5.000000000000000000e-01 7.660079002380371094e-01
5.000000000000000000e-01 5.000000000000000000e-01 7.660079002380371094e-01
5.000000000000000000e-01 5.000000000000000000e-01 7.660079002380371094e-01
5.000000000000000000e-01 5.000000000000000000e-01 7.660079002380371094e-01
5.000000000000000000e-01 5.000000000000000000e-01 7.660079002380371094e-01
5.000000000000000000e-01 5.000000000000000000e-01 7.660079002380371094e-01
5.000000000000000000e-01 5.000000000000000000e-01 7.660079002380371094e-01
5.000000000000000000e-01 5.000000000000000000e-01 7.660079002380371094e-01
5.000000000000000000e-01 5.000000000000000000e-01 7.660079002380371094e-01
5.000000000000000000e-01 5.000000000000000000e-01 7.660079002380371094e-01
5.000000000000000000e-01 5.000000000000000000e-01 7.660079002380371094e-01
5.000000000000000000e-01 5.000000000000000000e-01 7.660079002380371094e-01
5.000000000000000000e-01 5.000000000000000000e-01 7.660079002380371094e-01
5.000000000000000000e-01 5.000000000000000000e-01 7.660079002380371094e-01
5.000000000000000000e-01 5.000000000000000000e-01 7.660079002380371094e-01
5.000000000000000000e-01 5.000000000000000000e-01 7.660079002380371094e-01
5.000000000000000000e-01 5.000000000000000000e-01 7.660079002380371094e-01
5.000000000000000000e-01 5.000000000000000000e-01 7.660079002380371094e-01
5.000000000000000000e-01 5.000000000000000000e-01 7.660079002380371094e-01
5.000000000000000000e-01 5.000000000000000000e-01 7.660079002380371094e-01
5.000000000000000000e-01 5.000000000000000000e-01 7.660079002380371094e-01
5.000000000000000000e-01 5.000000000000000000e-01 7.660079002380371094e-01
5.000000000000000000e-01 5.000000000000000000e-01 7.660079002380371094e-01
5.000000000000000000e-01 5.000000000000000000e-01 7.660079002380371094e-01
5.000000000000000000e-01 5.000000000000000000e-01 7.660079002380371094e-01
5.000000000000000000e-01 5.000000000000000000e-01 7.660079002380371094e-01
5.000000000000000000e-01 5.000000000000000000e-01 7.660079002380371094e-01
5.000000000000000000e-01 5.000000000000000000e-01 7.660079002380371094e-01
5.000000000000000000e-01 5.000000000000000000e-01 7.660079002380371094e-01
5.000000000000000000e-01 5.000000000000000000e-01 7.660079002380371094e-01
5.000000000000000000e-01 5.000000000000000000e-01 7.660079002380371094e-01
5.000000000000000000e-01 5.000000000000000000e-01 7.660079002380371094e-01
5.000000000000000000e-01 5.000000000000000000e-01 7.660079002380371094e-01
5.000000000000000000e-01 5.000000000000000000e-01 7.660079002380371094e-01
5.000000000000000000e-01 5.000000000000000000e-01 7.660079002380371094e-01
5.000000000000000000e-01 5.000000000000000000e-01 7.660079002380371094e-01
5.000000000000000000e-01 5.000000000000000000e-01 7.660079002380371094e-01
5.000000000000000000e-01 5.000000000000000000e-01 7.660079002380371094e-01
5.000000000000000000e-01 5.000000000000000000e-01 7.660079002380371094e-01
5.000000000000000000e-01 5.000000000000000000e-01 7.660079002380371094e-01
5.000000000000000000e-01 5.000000000000000000e-01 7.660079002380371094e-01
5.000000000000000000e-01 5.000000000000000000e-01 7.660079002380371094e-01
5.000000000000000000e-01 5.000000000000000000e-01 7.660079002380371094e-01
5.000000000000000000e-01 5.000000000000000000e-01 7.660079002380371094e-01
5.000000000000000000e-01 5.000000000000000000e-01 7.660079002380371094e-01
5.000000000000000000e-01 5.000000000000000000e-01 7.660079002380371094e-01
5.000000000000000000e-01 5.000000000000000000e-01 7.660079002380371094e-01
5.000000000000000000e-01 5.000000000000000000e-01 7.660079002380371094e-01
5.000000000000000000e-01 5.000000000000000000e-01 7.660079002380371094e-01
5.000000000000000000e-01 5.000000000000000000e-01 7.660079002380371094e-01
5.000000000000000000e-01 5.000000000000000000e-01 7.660079002380371094e-01
5.000000000000000000e-01 5.000000000000000000e-01 7.660079002380371094e-01
5.000000000000000000e-01 5.000000000000000000e-01 7.660079002380371094e-01
5.000000000000000000e-01 5.000000000000000000e-01 7.660079002380371094e-01
5.000000000000000000e-01 5.000000000000000000e-01 7.660079002380371094e-01
5.000000000000000000e-01 5.000000000000000000e-01 7.660079002380371094e-01
5.000000000000000000e-01 5.000000000000000000e-01 7.660079002380371094e-01
5.000000000000000000e-01 5.000000000000000000e-01 7.660079002380371094e-01
5.000000000000000000e-01 5.000000000000000000e-01 7.660079002380371094e-01
5.000000000000000000e-01 5.000000000000000000e-01 7.660079002380371094e-01
5.000000000000000000e-01 5.000000000000000000e-01 7.660079002380371094e-01
5.000000000000000000e-01 5.000000000000000000e-01 7.660079002380371094e-01
5.000000000000000000e-01 5.000000000000000000e-01 7.660079002380371094e-01
5.000000000000000000e-01 5.000000000000000000e-01 7.660079002380371094e-01
5.000000000000000000e-01 5.000000000000000000e-01 7.660079002380371094e-01
5.000000000000000000e-01 5.000000000000000000e-01 7.660079002380371094e-01
5.000000000000000000e-01 5.000000000000000000e-01 7.660079002380371094e-01
5.000000000000000000e-01 5.000000000000000000e-01 7.660079002380371094e-01
5.000000000000000000e-01 5.000000000000000000e-01 7.660079002380371094e-01
5.000000000000000000e-01 5.000000000000000000e-01 7.660079002380371094e-01
5.000000000000000000e-01 5.000000000000000000e-01 7.660079002380371094e-01
5.000000000000000000e-01 5.000000000000000000e-01 7.660079002380371094e-01
5.000000000000000000e-01 5.000000000000000000e-01 7.660079002380371094e-01
5.000000000000000000e-01 5.000000000000000000e-01 7.660079002380371094e-01
5.000000000000000000e-01 5.000000000000000000e-01 7.660079002380371094e-01
5.000000000000000000e-01 5.000000000000000000e-01 7.660079002380371094e-01
5.000000000000000000e-01 5.000000000000000000e-01 7.660079002380371094e-01
5.000000000000000000e-01 5.000000000000000000e-01 7.660079002380371094e-01
5.000000000000000000e-01 5.000000000000000000e-01 7.660079002380371094e-01
5.000000000000000000e-01 5.000000000000000000e-01 7.660079002380371094e-01
5.000000000000000000e-01 5.000000000000000000e-01 7.660079002380371094e-01
5.000000000000000000e-01 5.000000000000000000e-01 7.660079002380371094e-01
5.000000000000000000e-01 5.000000000000000000e-01 7.660079002380371094e-01
5.000000000000000000e-01 5.000000000000000000e-01 7.660079002380371094e-01
5.000000000000000000e-01 5.000000000000000000e-01 7.660079002380371094e-01
5.000000000000000000e-01 5.000000000000000000e-01 7.660079002380371094e-01
5.000000000000000000e-01 5.000000000000000000e-01 7.660079002380371094e-01
5.000000000000000000e-01 5.000000000000000000e-01 7.660079002380371094e-01
5.000000000000000000e-01 5.000000000000000000e-01 7.660079002380371094e-01
5.000000000000000000e-01 5.000000000000000000e-01 7.660079002380371094e-01
5.000000000000000000e-01 5.000000000000000000e-01 7.660079002380371094e-01
5.000000000000000000e-01 5.000000000000000000e-01 7.660079002380371094e-01
5.000000000000000000e-01 5.000000000000000000e-01 7.660079002380371094e-01
5.000000000000000000e-01 5.000000000000000000e-01 7.660079002380371094e-01
5.000000000000000000e-01 5.000000000000000000e-01 7.660079002380371094e-01
5.000000000000000000e-01 5.000000000000000000e-01 7.660079002380371094e-01
5.000000000000000000e-01 5.000000000000000000e-01 7.660079002380371094e-01
5.000000000000000000e-01 5.000000000000000000e-01 7.660079002380371094e-01
5.000000000000000000e-01 5.000000000000000000e-01 7.660079002380371094e-01
5.000000000000000000e-01 5.000000000000000000e-01 7.660079002380371094e-01
5.000000000000000000e-01 5.000000000000000000e-01 7.660079002380371094e-01
5.000000000000000000e-01 5.000000000000000000e-01 7.660079002380371094e-01
5.000000000000000000e-01 5.000000000000000000e-01 7.660079002380371094e-01
5.000000000000000000e-01 5.000000000000000000e-01 7.660079002380371094e-01
5.000000000000000000e-01 5.000000000000000000e-01 7.660079002380371094e-01
5.000000000000000000e-01 5.000000000000000000e-01 7.660079002380371094e-01
5.000000000000000000e-01 5.000000000000000000e-01 7.660079002380371094e-01
5.000000000000000000e-01 5.000000000000000000e-01 7.660079002380371094e-01
5.000000000000000000e-01 5.000000000000000000e-01 7.660079002380371094e-01
5.000000000000000000e-01 5.000000000000000000e-01 7.660079002380371094e-01
5.000000000000000000e-01 5.000000000000000000e-01 7.660079002380371094e-01
5.000000000000000000e-01 5.000000000000000000e-01 7.660079002380371094e-01
5.000000000000000000e-01 5.000000000000000000e-01 7.660079002380371094e-01
5.000000000000000000e-01 5.000000000000000000e-01 7.660079002380371094e-01
5.000000000000000000e-01 5.000000000000000000e-01 7.660079002380371094e-01
