1.189825981855392456e-01 1.639412641525268555e-01 9.812657833099365234e-01
1.190224215388298035e-01 1.639412194490432739e-01 9.811993837356567383e-01
1.259355694055557251e-01 1.689424365758895874e-01 1.013019919395446777e+00
1.318575888872146606e-01 1.739214360713958740e-01 1.044494152069091797e+00
1.369841247797012329e-01 1.790518015623092651e-01 1.075191378593444824e+00
1.415560394525527954e-01 1.841180324554443359e-01 1.104996919631958008e+00
1.453025341033935547e-01 1.893029510974884033e-01 1.133792042732238770e+00
1.484947204589843750e-01 1.943743824958801270e-01 1.161462306976318359e+00
1.512118726968765259e-01 1.995320618152618408e-01 1.187150120735168457e+00
1.565720736980438232e-01 2.045969665050506592e-01 1.208358764648437500e+00
1.664533168077468872e-01 2.098537683486938477e-01 1.222342491149902344e+00
1.810848414897918701e-01 2.151062488555908203e-01 1.232910633087158203e+00
2.007581442594528198e-01 2.206588238477706909e-01 1.237189054489135742e+00
2.237106859683990479e-01 2.262176871299743652e-01 1.239007830619812012e+00
2.499519288539886475e-01 2.321214079856872559e-01 1.235662341117858887e+00
2.778048217296600342e-01 2.379845678806304932e-01 1.230486989021301270e+00
3.072390854358673096e-01 2.442013174295425415e-01 1.220975756645202637e+00
3.369886875152587891e-01 2.502931952476501465e-01 1.210100769996643066e+00
3.673453330993652344e-01 2.567463219165802002e-01 1.195160865783691406e+00
3.974064588546752930e-01 2.629911303520202637e-01 1.179155111312866211e+00
4.271826446056365967e-01 2.695828676223754883e-01 1.159710884094238281e+00
4.561636447906494141e-01 2.758685648441314697e-01 1.139488220214843750e+00
4.842758178710937500e-01 2.824868559837341309e-01 1.116174101829528809e+00
5.119221806526184082e-01 2.885853052139282227e-01 1.092314362525939941e+00
5.396521091461181641e-01 2.948392033576965332e-01 1.065558791160583496e+00
5.675083398818969727e-01 3.006491065025329590e-01 1.038344621658325195e+00
5.950592756271362305e-01 3.068536520004272461e-01 1.008499145507812500e+00
6.221209764480590820e-01 3.126559555530548096e-01 9.785227179527282715e-01
6.482610702514648438e-01 3.189586699008941650e-01 9.460964798927307129e-01
6.736934185028076172e-01 3.248591423034667969e-01 9.136915802955627441e-01
6.977406144142150879e-01 3.313007950782775879e-01 8.790190219879150391e-01
7.209694981575012207e-01 3.373038768768310547e-01 8.444473743438720703e-01
7.425695657730102539e-01 3.438676297664642334e-01 8.076194524765014648e-01
7.630705833435058594e-01 3.499086499214172363e-01 7.712092995643615723e-01
7.816614508628845215e-01 3.565018773078918457e-01 7.326537370681762695e-01
7.990483641624450684e-01 3.624973297119140625e-01 6.947615742683410645e-01
8.142740726470947266e-01 3.690145611763000488e-01 6.548739075660705566e-01
8.283039331436157227e-01 3.748683631420135498e-01 6.158608794212341309e-01
8.400807380676269531e-01 3.812203407287597656e-01 5.748780965805053711e-01
8.506946563720703125e-01 3.868447840213775635e-01 5.349360704421997070e-01
8.587501049041748047e-01 3.928985595703125000e-01 4.933357536792755127e-01
8.656631708145141602e-01 3.981568217277526855e-01 4.531211256980895996e-01
8.677989244461059570e-01 4.034194350242614746e-01 4.182217419147491455e-01
8.683988451957702637e-01 4.077560007572174072e-01 3.888406455516815186e-01
8.654118776321411133e-01 4.122061431407928467e-01 3.647354841232299805e-01
8.622096180915832520e-01 4.158905744552612305e-01 3.446321189403533936e-01
8.564302325248718262e-01 4.197724461555480957e-01 3.284773826599121094e-01
8.511558175086975098e-01 4.229965209960937500e-01 3.151104152202606201e-01
8.438817262649536133e-01 4.264452755451202393e-01 3.046267628669738770e-01
8.374816179275512695e-01 4.293113946914672852e-01 2.959991991519927979e-01
8.294196128845214844e-01 4.324126839637756348e-01 2.894473969936370850e-01
8.224176764488220215e-01 4.349876940250396729e-01 2.840959131717681885e-01
8.139669895172119141e-01 4.378014206886291504e-01 2.802279293537139893e-01
8.066689372062683105e-01 4.401339888572692871e-01 2.771002054214477539e-01
7.980773448944091797e-01 4.427106976509094238e-01 2.750239372253417969e-01
7.906799316406250000e-01 4.448425471782684326e-01 2.733774185180664062e-01
7.821214795112609863e-01 4.472226500511169434e-01 2.724731564521789551e-01
7.747627496719360352e-01 4.491892457008361816e-01 2.717947661876678467e-01
7.663500905036926270e-01 4.514060616493225098e-01 2.716203331947326660e-01
7.591249346733093262e-01 4.532354772090911865e-01 2.715360820293426514e-01
7.509545087814331055e-01 4.553141891956329346e-01 2.717951238155364990e-01
7.439432144165039062e-01 4.570289254188537598e-01 2.720654904842376709e-01
7.360869050025939941e-01 4.589858353137969971e-01 2.725630998611450195e-01
7.293500900268554688e-01 4.606007337570190430e-01 2.730291485786437988e-01
7.218638062477111816e-01 4.624443054199218750e-01 2.736404240131378174e-01
7.154468297958374023e-01 4.639661908149719238e-01 2.741956710815429688e-01
7.083655595779418945e-01 4.657011032104492188e-01 2.748337686061859131e-01
7.023006677627563477e-01 4.671341776847839355e-01 2.754031121730804443e-01
6.956571340560913086e-01 4.687603414058685303e-01 2.760109007358551025e-01
6.899690032005310059e-01 4.701047539710998535e-01 2.765567004680633545e-01
6.837764382362365723e-01 4.716215133666992188e-01 2.771120965480804443e-01
6.784766316413879395e-01 4.728767871856689453e-01 2.776092886924743652e-01
6.727386713027954102e-01 4.742829501628875732e-01 2.780961990356445312e-01
6.678297519683837891e-01 4.754480421543121338e-01 2.785332202911376953e-01
6.625390648841857910e-01 4.767438769340515137e-01 2.789466977119445801e-01
6.580140590667724609e-01 4.778190851211547852e-01 2.793209850788116455e-01
6.531552672386169434e-01 4.790051579475402832e-01 2.796592414379119873e-01
6.490003466606140137e-01 4.799903333187103271e-01 2.799707353115081787e-01
6.445540189743041992e-01 4.810703098773956299e-01 2.802428603172302246e-01
6.407534480094909668e-01 4.819683730602264404e-01 2.804979383945465088e-01
6.366978883743286133e-01 4.829457998275756836e-01 2.807119190692901611e-01
6.332311630249023438e-01 4.837592840194702148e-01 2.809165418148040771e-01
6.295434236526489258e-01 4.846399426460266113e-01 2.810756564140319824e-01
6.263901591300964355e-01 4.853736460208892822e-01 2.812380194664001465e-01
6.230401992797851562e-01 4.861634373664855957e-01 2.813561558723449707e-01
6.201779842376708984e-01 4.868222177028656006e-01 2.814785838127136230e-01
6.171415448188781738e-01 4.875290989875793457e-01 2.815584242343902588e-01
6.145477890968322754e-01 4.881186485290527344e-01 2.816485464572906494e-01
6.118003129959106445e-01 4.887489676475524902e-01 2.816964089870452881e-01
6.094528436660766602e-01 4.892750382423400879e-01 2.817599177360534668e-01
6.069699525833129883e-01 4.898357689380645752e-01 2.817831337451934814e-01
6.048491597175598145e-01 4.903042614459991455e-01 2.818249762058258057e-01
6.026080250740051270e-01 4.908017814159393311e-01 2.818276882171630859e-01
6.006934642791748047e-01 4.912177026271820068e-01 2.818530499935150146e-01
5.986725687980651855e-01 4.916585683822631836e-01 2.818402051925659180e-01
5.969466567039489746e-01 4.920270144939422607e-01 2.818520069122314453e-01
5.951260328292846680e-01 4.924166202545166016e-01 2.818278372287750244e-01
5.935711264610290527e-01 4.927424490451812744e-01 2.818292677402496338e-01
5.919314622879028320e-01 4.930864870548248291e-01 2.817963957786560059e-01
5.905312299728393555e-01 4.933740496635437012e-01 2.817899286746978760e-01
5.890551805496215820e-01 4.936775863170623779e-01 2.817501127719879150e-01
5.877944231033325195e-01 4.939312338829040527e-01 2.817381322383880615e-01
5.864646434783935547e-01 4.941987693309783936e-01 2.816943228244781494e-01
5.853289961814880371e-01 4.944223761558532715e-01 2.816793918609619141e-01
5.841289162635803223e-01 4.946590363979339600e-01 2.816329598426818848e-01
5.831041932106018066e-01 4.948564767837524414e-01 2.816153466701507568e-01
5.820200443267822266e-01 4.950659573078155518e-01 2.815670967102050781e-01
5.810942053794860840e-01 4.952406883239746094e-01 2.815478742122650146e-01
5.801131129264831543e-01 4.954264163970947266e-01 2.814990282058715820e-01
5.792749524116516113e-01 4.955812990665435791e-01 2.814791202545166016e-01
5.783849358558654785e-01 4.957465529441833496e-01 2.814308702945709229e-01
5.776247978210449219e-01 4.958841800689697266e-01 2.814104557037353516e-01
5.768162012100219727e-01 4.960315227508544922e-01 2.813622951507568359e-01
5.761252641677856445e-01 4.961538612842559814e-01 2.813417911529541016e-01
5.753882527351379395e-01 4.962850213050842285e-01 2.812940478324890137e-01
5.747592449188232422e-01 4.963940978050231934e-01 2.812749743461608887e-01
5.740863084793090820e-01 4.965117275714874268e-01 2.812291383743286133e-01
5.735115408897399902e-01 4.966093897819519043e-01 2.812097072601318359e-01
5.728954076766967773e-01 4.967147707939147949e-01 2.811649441719055176e-01
5.723692178726196289e-01 4.968023002147674561e-01 2.811465561389923096e-01
5.718039870262145996e-01 4.968976378440856934e-01 2.811017930507659912e-01
5.713209509849548340e-01 4.969761967658996582e-01 2.810848355293273926e-01
5.708004832267761230e-01 4.970619678497314453e-01 2.810422778129577637e-01
5.703557729721069336e-01 4.971325397491455078e-01 2.810255587100982666e-01
5.698755979537963867e-01 4.972099959850311279e-01 2.809850573539733887e-01
5.694652199745178223e-01 4.972739219665527344e-01 2.809690833091735840e-01
5.690214633941650391e-01 4.973444640636444092e-01 2.809296846389770508e-01
5.686423778533935547e-01 4.974021911621093750e-01 2.809155583381652832e-01
5.682305097579956055e-01 4.974663853645324707e-01 2.808774113655090332e-01
5.678786635398864746e-01 4.975190162658691406e-01 2.808639109134674072e-01
5.674954652786254883e-01 4.975774884223937988e-01 2.808271050453186035e-01
5.671681761741638184e-01 4.976253509521484375e-01 2.808144688606262207e-01
5.668111443519592285e-01 4.976789951324462891e-01 2.807789742946624756e-01
5.665054917335510254e-01 4.977226257324218750e-01 2.807669639587402344e-01
5.661711692810058594e-01 4.977718889713287354e-01 2.807326018810272217e-01
5.658856630325317383e-01 4.978118538856506348e-01 2.807215452194213867e-01
5.655726790428161621e-01 4.978574812412261963e-01 2.806886136531829834e-01
5.653045773506164551e-01 4.978943467140197754e-01 2.806784212589263916e-01
5.650100708007812500e-01 4.979363679885864258e-01 2.806462943553924561e-01
5.647577643394470215e-01 4.979701638221740723e-01 2.806361913681030273e-01
5.644800066947937012e-01 4.980090856552124023e-01 2.806048393249511719e-01
5.642423629760742188e-01 4.980406165122985840e-01 2.805957198143005371e-01
5.639798641204833984e-01 4.980770051479339600e-01 2.805653214454650879e-01
5.637550354003906250e-01 4.981062710285186768e-01 2.805571258068084717e-01
5.635055303573608398e-01 4.981402456760406494e-01 2.805286049842834473e-01
5.632923245429992676e-01 4.981677234172821045e-01 2.805207967758178711e-01
5.630551576614379883e-01 4.981995522975921631e-01 2.804926335811614990e-01
5.628518462181091309e-01 4.982250332832336426e-01 2.804848849773406982e-01
5.626256465911865234e-01 4.982549846172332764e-01 2.804574370384216309e-01
5.624319911003112793e-01 4.982792139053344727e-01 2.804504334926605225e-01
5.622155070304870605e-01 4.983072280883789062e-01 2.804239392280578613e-01
5.620304346084594727e-01 4.983300566673278809e-01 2.804172337055206299e-01
5.618225336074829102e-01 4.983564317226409912e-01 2.803911864757537842e-01
5.616452693939208984e-01 4.983781278133392334e-01 2.803851664066314697e-01
5.614456534385681152e-01 4.984034299850463867e-01 2.803600430488586426e-01
5.612741708755493164e-01 4.984235763549804688e-01 2.803536355495452881e-01
5.610817670822143555e-01 4.984474480152130127e-01 2.803287506103515625e-01
5.609167814254760742e-01 4.984667897224426270e-01 2.803225815296173096e-01
5.607309341430664062e-01 4.984897971153259277e-01 2.802988588809967041e-01
5.605714321136474609e-01 4.985081851482391357e-01 2.802928984165191650e-01
5.603914856910705566e-01 4.985299110412597656e-01 2.802695930004119873e-01
5.602368116378784180e-01 4.985474646091461182e-01 2.802640497684478760e-01
5.600625276565551758e-01 4.985685050487518311e-01 2.802405357360839844e-01
5.599125623703002930e-01 4.985851943492889404e-01 2.802349328994750977e-01
5.597430467605590820e-01 4.986054599285125732e-01 2.802124917507171631e-01
5.595974922180175781e-01 4.986214637756347656e-01 2.802076935768127441e-01
5.594324469566345215e-01 4.986409246921539307e-01 2.801863253116607666e-01
5.592902898788452148e-01 4.986566305160522461e-01 2.801812589168548584e-01
5.591294169425964355e-01 4.986756443977355957e-01 2.801595926284790039e-01
5.589912533760070801e-01 4.986905455589294434e-01 2.801544368267059326e-01
5.588341951370239258e-01 4.987086653709411621e-01 2.801336348056793213e-01
5.586987137794494629e-01 4.987233281135559082e-01 2.801289856433868408e-01
5.585449934005737305e-01 4.987410604953765869e-01 2.801082134246826172e-01
5.584124326705932617e-01 4.987549781799316406e-01 2.801033854484558105e-01
5.582616329193115234e-01 4.987718760967254639e-01 2.800827920436859131e-01
5.581315755844116211e-01 4.987857639789581299e-01 2.800782620906829834e-01
5.579833388328552246e-01 4.988024830818176270e-01 2.800586223602294922e-01
5.578561425209045410e-01 4.988159239292144775e-01 2.800545394420623779e-01
5.577104091644287109e-01 4.988321065902709961e-01 2.800348997116088867e-01
5.575850009918212891e-01 4.988451004028320312e-01 2.800300717353820801e-01
5.574414134025573730e-01 4.988609552383422852e-01 2.800111174583435059e-01
5.573179125785827637e-01 4.988737106323242188e-01 2.800064086914062500e-01
5.571765899658203125e-01 4.988894462585449219e-01 2.799875736236572266e-01
5.570546984672546387e-01 4.989019036293029785e-01 2.799833714962005615e-01
5.569154620170593262e-01 4.989172816276550293e-01 2.799638807773590088e-01
5.567944645881652832e-01 4.989292621612548828e-01 2.799596786499023438e-01
5.566565394401550293e-01 4.989445805549621582e-01 2.799415886402130127e-01
5.565372705459594727e-01 4.989565908908843994e-01 2.799376249313354492e-01
5.564009547233581543e-01 4.989712834358215332e-01 2.799186706542968750e-01
5.562831163406372070e-01 4.989833235740661621e-01 2.799144089221954346e-01
5.561473965644836426e-01 4.989976286888122559e-01 2.798966467380523682e-01
5.560299754142761230e-01 4.990092515945434570e-01 2.798919379711151123e-01
5.558959245681762695e-01 4.990237951278686523e-01 2.798740863800048828e-01
5.557796359062194824e-01 4.990351796150207520e-01 2.798699140548706055e-01
5.556458830833435059e-01 4.990492463111877441e-01 2.798525094985961914e-01
5.555294752120971680e-01 4.990605115890502930e-01 2.798476815223693848e-01
5.553970932960510254e-01 4.990746676921844482e-01 2.798306941986083984e-01
5.552814602851867676e-01 4.990856051445007324e-01 2.798259556293487549e-01
5.551494359970092773e-01 4.990995526313781738e-01 2.798092067241668701e-01
5.550339818000793457e-01 4.991105198860168457e-01 2.798043787479400635e-01
5.549023151397705078e-01 4.991242885589599609e-01 2.797874212265014648e-01
5.547876358032226562e-01 4.991352558135986328e-01 2.797831296920776367e-01
5.546560287475585938e-01 4.991486668586730957e-01 2.797669768333435059e-01
5.545415282249450684e-01 4.991596937179565430e-01 2.797622680664062500e-01
5.544101595878601074e-01 4.991732835769653320e-01 2.797453999519348145e-01
5.542958378791809082e-01 4.991840720176696777e-01 2.797405719757080078e-01
5.541648268699645996e-01 4.991973936557769775e-01 2.797241508960723877e-01
5.540502667427062988e-01 4.992080330848693848e-01 2.797184586524963379e-01
5.539187192916870117e-01 4.992213249206542969e-01 2.797027230262756348e-01
5.538045167922973633e-01 4.992321431636810303e-01 2.796984314918518066e-01
5.536729693412780762e-01 4.992454051971435547e-01 2.796827256679534912e-01
5.535578727722167969e-01 4.992558956146240234e-01 2.796781659126281738e-01
5.534262061119079590e-01 4.992690086364746094e-01 2.796626687049865723e-01
5.533107519149780273e-01 4.992792606353759766e-01 2.796575427055358887e-01
5.531783103942871094e-01 4.992923140525817871e-01 2.796418368816375732e-01
5.530626773834228516e-01 4.993026554584503174e-01 2.796370387077331543e-01
5.529312491416931152e-01 4.993160665035247803e-01 2.796215713024139404e-01
5.528150796890258789e-01 4.993264079093933105e-01 2.796166837215423584e-01
5.526832342147827148e-01 4.993396997451782227e-01 2.796021103858947754e-01
5.525667071342468262e-01 4.993502497673034668e-01 2.795977294445037842e-01
5.524330735206604004e-01 4.993631243705749512e-01 2.795830368995666504e-01
5.523161292076110840e-01 4.993736147880554199e-01 2.795790135860443115e-01
5.521823167800903320e-01 4.993867278099060059e-01 2.795648574829101562e-01
5.520649552345275879e-01 4.993973374366760254e-01 2.795602083206176758e-01
5.519301891326904297e-01 4.994100034236907959e-01 2.795452773571014404e-01
5.518116354942321777e-01 4.994201958179473877e-01 2.795400619506835938e-01
5.516763925552368164e-01 4.994334578514099121e-01 2.795257568359375000e-01
5.515577793121337891e-01 4.994440078735351562e-01 2.795212864875793457e-01
5.514215230941772461e-01 4.994570612907409668e-01 2.795077562332153320e-01
5.513014793395996094e-01 4.994674324989318848e-01 2.795029580593109131e-01
5.511636734008789062e-01 4.994803667068481445e-01 2.794896066188812256e-01
5.510424971580505371e-01 4.994904696941375732e-01 2.794843614101409912e-01
5.509037375450134277e-01 4.995031356811523438e-01 2.794699668884277344e-01
5.507825613021850586e-01 4.995137453079223633e-01 2.794651687145233154e-01
5.506430864334106445e-01 4.995268583297729492e-01 2.794516086578369141e-01
5.505207180976867676e-01 4.995373785495758057e-01 2.794471085071563721e-01
5.503804087638854980e-01 4.995503425598144531e-01 2.794336676597595215e-01
5.502566695213317871e-01 4.995609521865844727e-01 2.794289886951446533e-01
5.501148104667663574e-01 4.995738863945007324e-01 2.794154286384582520e-01
5.499901771545410156e-01 4.995846450328826904e-01 2.794111073017120361e-01
5.498474240303039551e-01 4.995976686477661133e-01 2.793985903263092041e-01
5.497218370437622070e-01 4.996084570884704590e-01 2.793942689895629883e-01
5.495772361755371094e-01 4.996212124824523926e-01 2.793813049793243408e-01
5.494499206542968750e-01 4.996315240859985352e-01 2.793763875961303711e-01
5.493042469024658203e-01 4.996446371078491211e-01 2.793638408184051514e-01
5.491757392883300781e-01 4.996552467346191406e-01 2.793592810630798340e-01
5.490291118621826172e-01 4.996684193611145020e-01 2.793468832969665527e-01
5.488998889923095703e-01 4.996792674064636230e-01 2.793428301811218262e-01
5.487517714500427246e-01 4.996924698352813721e-01 2.793306410312652588e-01
5.486211180686950684e-01 4.997030198574066162e-01 2.793268561363220215e-01
5.484717488288879395e-01 4.997163414955139160e-01 2.793142199516296387e-01
5.483400225639343262e-01 4.997270703315734863e-01 2.793099880218505859e-01
5.449017286300659180e-01 5.017567276954650879e-01 2.757979333400726318e-01
5.409549474716186523e-01 5.031504631042480469e-01 2.733324766159057617e-01
5.367465615272521973e-01 5.038567781448364258e-01 2.722592651844024658e-01
5.323118567466735840e-01 5.039841532707214355e-01 2.720654904842376709e-01
5.279238820075988770e-01 5.037511587142944336e-01 2.724782824516296387e-01
5.240234732627868652e-01 5.034416317939758301e-01 2.726669609546661377e-01
5.205987691879272461e-01 5.031024217605590820e-01 2.728861868381500244e-01
5.176128149032592773e-01 5.027600526809692383e-01 2.729765176773071289e-01
5.150299072265625000e-01 5.024334192276000977e-01 2.731750905513763428e-01
5.128021836280822754e-01 5.021294951438903809e-01 2.732934951782226562e-01
5.108879208564758301e-01 5.018522143363952637e-01 2.735488712787628174e-01
5.092306137084960938e-01 5.015956759452819824e-01 2.737706005573272705e-01
5.078213810920715332e-01 5.013717412948608398e-01 2.741299867630004883e-01
5.066189765930175781e-01 5.011748075485229492e-01 2.744226753711700439e-01
5.056000351905822754e-01 5.010050535202026367e-01 2.748477160930633545e-01
5.047323703765869141e-01 5.008579492568969727e-01 2.752058506011962891e-01
5.039994716644287109e-01 5.007324218750000000e-01 2.756931185722351074e-01
5.033761858940124512e-01 5.006245374679565430e-01 2.761090397834777832e-01
5.028522014617919922e-01 5.005336999893188477e-01 2.766493856906890869e-01
5.024055838584899902e-01 5.004552602767944336e-01 2.771140336990356445e-01
5.020315051078796387e-01 5.003897547721862793e-01 2.776959836483001709e-01
5.017125606536865234e-01 5.003337264060974121e-01 2.781985402107238770e-01
5.014456510543823242e-01 5.002868175506591797e-01 2.788139283657073975e-01
5.012176632881164551e-01 5.002462863922119141e-01 2.793451249599456787e-01
5.010278224945068359e-01 5.002129673957824707e-01 2.799867391586303711e-01
5.008648633956909180e-01 5.001838803291320801e-01 2.805401086807250977e-01
5.007302165031433105e-01 5.001600980758666992e-01 2.812006473541259766e-01
5.006136298179626465e-01 5.001394152641296387e-01 2.817712724208831787e-01
5.005180239677429199e-01 5.001226067543029785e-01 2.824456095695495605e-01
5.004351139068603516e-01 5.001082420349121094e-01 2.830280959606170654e-01
5.003679394721984863e-01 5.000966787338256836e-01 2.837127745151519775e-01
5.003087520599365234e-01 5.000863671302795410e-01 2.843043804168701172e-01
5.002614259719848633e-01 5.000786185264587402e-01 2.849967777729034424e-01
5.002188086509704590e-01 5.000711679458618164e-01 2.855953276157379150e-01
5.001855492591857910e-01 5.000656843185424805e-01 2.862935960292816162e-01
5.001547932624816895e-01 5.000604391098022461e-01 2.868974208831787109e-01
5.001320838928222656e-01 5.000570416450500488e-01 2.876001596450805664e-01
5.001097321510314941e-01 5.000531673431396484e-01 2.882069051265716553e-01
5.000939965248107910e-01 5.000508427619934082e-01 2.889128923416137695e-01
5.000779032707214355e-01 5.000481605529785156e-01 2.895229160785675049e-01
5.000669360160827637e-01 5.000466108322143555e-01 2.902314066886901855e-01
5.000553131103515625e-01 5.000444054603576660e-01 2.908430397510528564e-01
5.000481009483337402e-01 5.000435709953308105e-01 2.915531694889068604e-01
5.000392198562622070e-01 5.000419616699218750e-01 2.921668887138366699e-01
5.000345110893249512e-01 5.000413656234741211e-01 2.928771972656250000e-01
5.000277757644653320e-01 5.000398755073547363e-01 2.934919595718383789e-01
5.000255107879638672e-01 5.000398159027099609e-01 2.942039370536804199e-01
5.000200867652893066e-01 5.000386238098144531e-01 2.948190271854400635e-01
5.000184774398803711e-01 5.000388026237487793e-01 2.955334186553955078e-01
5.000142455101013184e-01 5.000382065773010254e-01 2.961494028568267822e-01
5.000138282775878906e-01 5.000383257865905762e-01 2.968615889549255371e-01
5.000104904174804688e-01 5.000375509262084961e-01 2.974779009819030762e-01
5.000105500221252441e-01 5.000381469726562500e-01 2.981938421726226807e-01
5.000073313713073730e-01 5.000376701354980469e-01 2.988108098506927490e-01
5.000079870223999023e-01 5.000379681587219238e-01 2.995243072509765625e-01
5.000057816505432129e-01 5.000374913215637207e-01 3.001411855220794678e-01
5.000068545341491699e-01 5.000380277633666992e-01 3.008550405502319336e-01
5.000045895576477051e-01 5.000376701354980469e-01 3.014723658561706543e-01
5.000060796737670898e-01 5.000382661819458008e-01 3.021861910820007324e-01
5.000041127204895020e-01 5.000379085540771484e-01 3.028039038181304932e-01
5.000052452087402344e-01 5.000387430191040039e-01 3.035185635089874268e-01
5.000032782554626465e-01 5.000382661819458008e-01 3.041355013847351074e-01
5.000050663948059082e-01 5.000392794609069824e-01 3.048495650291442871e-01
5.000034570693969727e-01 5.000387430191040039e-01 3.054673969745635986e-01
5.000054240226745605e-01 5.000397562980651855e-01 3.061817884445190430e-01
5.000038743019104004e-01 5.000392198562622070e-01 3.067993521690368652e-01
5.000048279762268066e-01 5.000399351119995117e-01 3.075169324874877930e-01
5.000031590461730957e-01 5.000395774841308594e-01 3.081351220607757568e-01
5.000056624412536621e-01 5.000407695770263672e-01 3.088487088680267334e-01
5.000035762786865234e-01 5.000398159027099609e-01 3.094664812088012695e-01
5.000040531158447266e-01 5.000399351119995117e-01 3.101816773414611816e-01
5.000022649765014648e-01 5.000392198562622070e-01 3.107992112636566162e-01
5.000044107437133789e-01 5.000403523445129395e-01 3.115143179893493652e-01
5.000030398368835449e-01 5.000400543212890625e-01 3.121323585510253906e-01
5.000045895576477051e-01 5.000405311584472656e-01 3.128465712070465088e-01
5.000028610229492188e-01 5.000398159027099609e-01 3.134646117687225342e-01
5.000050067901611328e-01 5.000407099723815918e-01 3.141795098781585693e-01
5.000034570693969727e-01 5.000404119491577148e-01 3.147970736026763916e-01
5.000058412551879883e-01 5.000416040420532227e-01 3.155123293399810791e-01
5.000043511390686035e-01 5.000410079956054688e-01 3.161302208900451660e-01
5.000059604644775391e-01 5.000418424606323242e-01 3.168443739414215088e-01
5.000045299530029297e-01 5.000413060188293457e-01 3.174612820148468018e-01
5.000069141387939453e-01 5.000426769256591797e-01 3.181764781475067139e-01
5.000048279762268066e-01 5.000419616699218750e-01 3.187940418720245361e-01
5.000056624412536621e-01 5.000423192977905273e-01 3.195106387138366699e-01
5.000045299530029297e-01 5.000420808792114258e-01 3.201282918453216553e-01
5.000068545341491699e-01 5.000429153442382812e-01 3.208425641059875488e-01
5.000053644180297852e-01 5.000424385070800781e-01 3.214603066444396973e-01
5.000069141387939453e-01 5.000428557395935059e-01 3.221750259399414062e-01
5.000054240226745605e-01 5.000420808792114258e-01 3.227922022342681885e-01
5.000081062316894531e-01 5.000433325767517090e-01 3.235060572624206543e-01
5.000061988830566406e-01 5.000425577163696289e-01 3.241232931613922119e-01
5.000067353248596191e-01 5.000429153442382812e-01 3.248404860496520996e-01
5.000053644180297852e-01 5.000425577163696289e-01 3.254580199718475342e-01
5.000068545341491699e-01 5.000431537628173828e-01 3.261715471744537354e-01
5.000054240226745605e-01 5.000427365303039551e-01 3.267889618873596191e-01
5.000075101852416992e-01 5.000439286231994629e-01 3.275052011013031006e-01
5.000060796737670898e-01 5.000433325767517090e-01 3.281229734420776367e-01
5.000082850456237793e-01 5.000441670417785645e-01 3.288363218307495117e-01
5.000066757202148438e-01 5.000435709953308105e-01 3.294537067413330078e-01
5.000080466270446777e-01 5.000442266464233398e-01 3.301703333854675293e-01
5.000061392784118652e-01 5.000434517860412598e-01 3.307884931564331055e-01
5.000088810920715332e-01 5.000446438789367676e-01 3.315018713474273682e-01
5.000069737434387207e-01 5.000438094139099121e-01 3.321195244789123535e-01
5.000081658363342285e-01 5.000446438789367676e-01 3.328365385532379150e-01
5.000063776969909668e-01 5.000439882278442383e-01 3.334541022777557373e-01
5.000086426734924316e-01 5.000450015068054199e-01 3.341680467128753662e-01
5.000072121620178223e-01 5.000442266464233398e-01 3.347854912281036377e-01
5.000091195106506348e-01 5.000452399253845215e-01 3.355010151863098145e-01
5.000069141387939453e-01 5.000444650650024414e-01 3.361192941665649414e-01
5.000101327896118164e-01 5.000460147857666016e-01 3.368324935436248779e-01
5.000078678131103516e-01 5.000452995300292969e-01 3.374496698379516602e-01
5.000080466270446777e-01 5.000451803207397461e-01 3.381665945053100586e-01
5.000065565109252930e-01 5.000447034835815430e-01 3.387847542762756348e-01
5.000100135803222656e-01 5.000456571578979492e-01 3.394969403743743896e-01
5.000079274177551270e-01 5.000443458557128906e-01 3.401141166687011719e-01
5.000087022781372070e-01 5.000448226928710938e-01 3.408315479755401611e-01
5.000070333480834961e-01 5.000443458557128906e-01 3.414494395256042480e-01
5.000089406967163086e-01 5.000452995300292969e-01 3.421649336814880371e-01
5.000075101852416992e-01 5.000447034835815430e-01 3.427826166152954102e-01
5.000106692314147949e-01 5.000460147857666016e-01 3.434950709342956543e-01
5.000085234642028809e-01 5.000450611114501953e-01 3.441119790077209473e-01
5.000088214874267578e-01 5.000454187393188477e-01 3.448295593261718750e-01
5.000073909759521484e-01 5.000448822975158691e-01 3.454474210739135742e-01
5.000094175338745117e-01 5.000458955764770508e-01 3.461625576019287109e-01
5.000076293945312500e-01 5.000451803207397461e-01 3.467802405357360840e-01
5.000112056732177734e-01 5.000466108322143555e-01 3.474912047386169434e-01
5.000090599060058594e-01 5.000455379486083984e-01 3.481079041957855225e-01
5.000092983245849609e-01 5.000460147857666016e-01 3.488257229328155518e-01
5.000075101852416992e-01 5.000451803207397461e-01 3.494441807270050049e-01
5.000095367431640625e-01 5.000460743904113770e-01 3.501594960689544678e-01
5.000080466270446777e-01 5.000453591346740723e-01 3.507775366306304932e-01
5.000099539756774902e-01 5.000462532043457031e-01 3.514930605888366699e-01
5.000082850456237793e-01 5.000454783439636230e-01 3.521109223365783691e-01
5.000099539756774902e-01 5.000463724136352539e-01 3.528258502483367920e-01
5.000081062316894531e-01 5.000452995300292969e-01 3.534439802169799805e-01
5.000101923942565918e-01 5.000464320182800293e-01 3.541589081287384033e-01
5.000079274177551270e-01 5.000454783439636230e-01 3.547762036323547363e-01
5.000113248825073242e-01 5.000467896461486816e-01 3.554879426956176758e-01
5.000092983245849609e-01 5.000457763671875000e-01 3.561045825481414795e-01
5.000094771385192871e-01 5.000462532043457031e-01 3.568219244480133057e-01
5.000075697898864746e-01 5.000452995300292969e-01 3.574398458003997803e-01
5.000095367431640625e-01 5.000460743904113770e-01 3.581548333168029785e-01
5.000075697898864746e-01 5.000453591346740723e-01 3.587724864482879639e-01
5.000094771385192871e-01 5.000462532043457031e-01 3.594880700111389160e-01
5.000076889991760254e-01 5.000452399253845215e-01 3.601053953170776367e-01
5.000095367431640625e-01 5.000460743904113770e-01 3.608208298683166504e-01
5.000074505805969238e-01 5.000452995300292969e-01 3.614385724067687988e-01
5.000091195106506348e-01 5.000460743904113770e-01 3.621538877487182617e-01
5.000069141387939453e-01 5.000450015068054199e-01 3.627712428569793701e-01
5.000090003013610840e-01 5.000460147857666016e-01 3.634859621524810791e-01
5.000066161155700684e-01 5.000450015068054199e-01 3.641037940979003906e-01
5.000082254409790039e-01 5.000457167625427246e-01 3.648190498352050781e-01
5.000061392784118652e-01 5.000446438789367676e-01 3.654359579086303711e-01
5.000077486038208008e-01 5.000453591346740723e-01 3.661513626575469971e-01
5.000057220458984375e-01 5.000444054603576660e-01 3.667684495449066162e-01
5.000076293945312500e-01 5.000454783439636230e-01 3.674835264682769775e-01
5.000053644180297852e-01 5.000443458557128906e-01 3.681009411811828613e-01
5.000069141387939453e-01 5.000451207160949707e-01 3.688156008720397949e-01
5.000045299530029297e-01 5.000440478324890137e-01 3.694330453872680664e-01
5.000061988830566406e-01 5.000448226928710938e-01 3.701481223106384277e-01
5.000037550926208496e-01 5.000435113906860352e-01 3.707656562328338623e-01
5.000055432319641113e-01 5.000445246696472168e-01 3.714808821678161621e-01
5.000033974647521973e-01 5.000435113906860352e-01 3.720979392528533936e-01
5.000048875808715820e-01 5.000444054603576660e-01 3.728130161762237549e-01
5.000026822090148926e-01 5.000431537628173828e-01 3.734304606914520264e-01
5.000042915344238281e-01 5.000440478324890137e-01 3.741453289985656738e-01
5.000020265579223633e-01 5.000427365303039551e-01 3.747628331184387207e-01
5.000033378601074219e-01 5.000435709953308105e-01 3.754779696464538574e-01
5.000014305114746094e-01 5.000425577163696289e-01 3.760953545570373535e-01
5.000022053718566895e-01 5.000430345535278320e-01 3.768103122711181641e-01
4.999999403953552246e-01 5.000418424606323242e-01 3.774275183677673340e-01
5.000021457672119141e-01 5.000429153442382812e-01 3.781425058841705322e-01
4.999997317790985107e-01 5.000417828559875488e-01 3.787599205970764160e-01
5.000011920928955078e-01 5.000424385070800781e-01 3.794746398925781250e-01
4.999987185001373291e-01 5.000411868095397949e-01 3.800924122333526611e-01
5.000003576278686523e-01 5.000419616699218750e-01 3.808070123195648193e-01
4.999980032444000244e-01 5.000407695770263672e-01 3.814246952533721924e-01
4.999994039535522461e-01 5.000415444374084473e-01 3.821395337581634521e-01
4.999971091747283936e-01 5.000403523445129395e-01 3.827572464942932129e-01
4.999985694885253906e-01 5.000411272048950195e-01 3.834722638130187988e-01
4.999961555004119873e-01 5.000400543212890625e-01 3.840896189212799072e-01
4.999972879886627197e-01 5.000405907630920410e-01 3.848046362400054932e-01
4.999952316284179688e-01 5.000394582748413086e-01 3.854220211505889893e-01
4.999964237213134766e-01 5.000401735305786133e-01 3.861370980739593506e-01
4.999940991401672363e-01 5.000391006469726562e-01 3.867540359497070312e-01
4.999949932098388672e-01 5.000395774841308594e-01 3.874691128730773926e-01
4.999931752681732178e-01 5.000383853912353516e-01 3.880863189697265625e-01
4.999947249889373779e-01 5.000391602516174316e-01 3.888012468814849854e-01
4.999921321868896484e-01 5.000379681587219238e-01 3.894181549549102783e-01
4.999933838844299316e-01 5.000388026237487793e-01 3.901335000991821289e-01
4.999909698963165283e-01 5.000376701354980469e-01 3.907505869865417480e-01
4.999919831752777100e-01 5.000381469726562500e-01 3.914655447006225586e-01
4.999894797801971436e-01 5.000365972518920898e-01 3.920830190181732178e-01
4.999913573265075684e-01 5.000375509262084961e-01 3.927981853485107422e-01
4.999891817569732666e-01 5.000362396240234375e-01 3.934154510498046875e-01
4.999912679195404053e-01 5.000372529029846191e-01 3.941302597522735596e-01
4.999887943267822266e-01 5.000360012054443359e-01 3.947473168373107910e-01
4.999882876873016357e-01 5.000358819961547852e-01 3.954629004001617432e-01
4.999859631061553955e-01 5.000345110893249512e-01 3.960801362991333008e-01
4.999873042106628418e-01 5.000352859497070312e-01 3.967950344085693359e-01
4.999850094318389893e-01 5.000341534614562988e-01 3.974121809005737305e-01
4.999856054782867432e-01 5.000346302986145020e-01 3.981272280216217041e-01
4.999834895133972168e-01 5.000337362289428711e-01 3.987442553043365479e-01
4.999843537807464600e-01 5.000341534614562988e-01 3.994590640068054199e-01
4.999822974205017090e-01 5.000331401824951172e-01 4.000762999057769775e-01
4.999845325946807861e-01 5.000342130661010742e-01 4.007908701896667480e-01
4.999820590019226074e-01 5.000331401824951172e-01 4.014083147048950195e-01
4.999821782112121582e-01 5.000333786010742188e-01 4.021233022212982178e-01
4.999800622463226318e-01 5.000323057174682617e-01 4.027403891086578369e-01
4.999815523624420166e-01 5.000331997871398926e-01 4.034551680088043213e-01
4.999791085720062256e-01 5.000321269035339355e-01 4.040720760822296143e-01
4.999804794788360596e-01 5.000328421592712402e-01 4.047869145870208740e-01
4.999780058860778809e-01 5.000315308570861816e-01 4.054039716720581055e-01
4.999788999557495117e-01 5.000321269035339355e-01 4.061186611652374268e-01
4.999765455722808838e-01 5.000308156013488770e-01 4.067355692386627197e-01
4.999774098396301270e-01 5.000315308570861816e-01 4.074503481388092041e-01
4.999754428863525391e-01 5.000301003456115723e-01 4.080672562122344971e-01
4.999768137931823730e-01 5.000309944152832031e-01 4.087817966938018799e-01
4.999747872352600098e-01 5.000297427177429199e-01 4.093991219997406006e-01
4.999753832817077637e-01 5.000302791595458984e-01 4.101136028766632080e-01
4.999732971191406250e-01 5.000289082527160645e-01 4.107306599617004395e-01
4.999747872352600098e-01 5.000297427177429199e-01 4.114456176757812500e-01
4.999724924564361572e-01 5.000285506248474121e-01 4.120624363422393799e-01
4.999735653400421143e-01 5.000290274620056152e-01 4.127771854400634766e-01
4.999712407588958740e-01 5.000279545783996582e-01 4.133943915367126465e-01
4.999718666076660156e-01 5.000269412994384766e-01 4.141096472740173340e-01
4.999686181545257568e-01 5.000258088111877441e-01 4.147252440452575684e-01
4.999694228172302246e-01 5.000276565551757812e-01 4.154382944107055664e-01
4.999683499336242676e-01 5.000268220901489258e-01 4.160559773445129395e-01
4.999704360961914062e-01 5.000268816947937012e-01 4.167695045471191406e-01
4.999676942825317383e-01 5.000259876251220703e-01 4.173847436904907227e-01
4.999694526195526123e-01 5.000275969505310059e-01 4.180987775325775146e-01
4.999683797359466553e-01 5.000268220901489258e-01 4.187173247337341309e-01
4.999693036079406738e-01 5.000260472297668457e-01 4.194326102733612061e-01
4.999670982360839844e-01 5.000249743461608887e-01 4.200482964515686035e-01
4.999686479568481445e-01 5.000270605087280273e-01 4.207628369331359863e-01
4.999682307243347168e-01 5.000262856483459473e-01 4.213813245296478271e-01
4.999702572822570801e-01 5.000273585319519043e-01 4.220972359180450439e-01
4.999693036079406738e-01 5.000264048576354980e-01 4.227152168750762939e-01
4.999714195728302002e-01 5.000275373458862305e-01 4.234305918216705322e-01
4.999700486660003662e-01 5.000265240669250488e-01 4.240483939647674561e-01
4.999715685844421387e-01 5.000267028808593750e-01 4.247624278068542480e-01
4.999693334102630615e-01 5.000253915786743164e-01 4.253778159618377686e-01
4.999707937240600586e-01 5.000270009040832520e-01 4.260926842689514160e-01
4.999696016311645508e-01 5.000260472297668457e-01 4.267109036445617676e-01
4.999718666076660156e-01 5.000262856483459473e-01 4.274250566959381104e-01
4.999695420265197754e-01 5.000250935554504395e-01 4.280407428741455078e-01
4.999700784683227539e-01 5.000259280204772949e-01 4.287555813789367676e-01
4.999691247940063477e-01 5.000250339508056641e-01 4.293743073940277100e-01
4.999719560146331787e-01 5.000266432762145996e-01 4.300904572010040283e-01
4.999705255031585693e-01 5.000259876251220703e-01 4.307085871696472168e-01
4.999726712703704834e-01 5.000272393226623535e-01 4.314242601394653320e-01
4.999711215496063232e-01 5.000262260437011719e-01 4.320417046546936035e-01
4.999732077121734619e-01 5.000268220901489258e-01 4.327558875083923340e-01
4.999712705612182617e-01 5.000257492065429688e-01 4.333721697330474854e-01
4.999718666076660156e-01 5.000265836715698242e-01 4.340868890285491943e-01
4.999709129333496094e-01 5.000259280204772949e-01 4.347047805786132812e-01
4.999728202819824219e-01 5.000269412994384766e-01 4.354203343391418457e-01
4.999713897705078125e-01 5.000261664390563965e-01 4.360384643077850342e-01
4.999733269214630127e-01 5.000265836715698242e-01 4.367523789405822754e-01
4.999712109565734863e-01 5.000250339508056641e-01 4.373687207698822021e-01
4.999727308750152588e-01 5.000267028808593750e-01 4.380836784839630127e-01
4.999716579914093018e-01 5.000258088111877441e-01 4.387017190456390381e-01
4.999733865261077881e-01 5.000268816947937012e-01 4.394171237945556641e-01
4.999721050262451172e-01 5.000258088111877441e-01 4.400350153446197510e-01
4.999738633632659912e-01 5.000263452529907227e-01 4.407496154308319092e-01
4.999722242355346680e-01 5.000251531600952148e-01 4.413655996322631836e-01
4.999736547470092773e-01 5.000263452529907227e-01 4.420806765556335449e-01
4.999722838401794434e-01 5.000253915786743164e-01 4.426987469196319580e-01
4.999743402004241943e-01 5.000265240669250488e-01 4.434142410755157471e-01
4.999729692935943604e-01 5.000255107879638672e-01 4.440320730209350586e-01
4.999746084213256836e-01 5.000266432762145996e-01 4.447473287582397461e-01
4.999732971191406250e-01 5.000258088111877441e-01 4.453648030757904053e-01
4.999759793281555176e-01 5.000267028808593750e-01 4.460794627666473389e-01
4.999739527702331543e-01 5.000253915786743164e-01 4.466957151889801025e-01
4.999741911888122559e-01 5.000261068344116211e-01 4.474103450775146484e-01
4.999732375144958496e-01 5.000253319740295410e-01 4.480279684066772461e-01
4.999759793281555176e-01 5.000265836715698242e-01 4.487436711788177490e-01
4.999745190143585205e-01 5.000256896018981934e-01 4.493614733219146729e-01
4.999761879444122314e-01 5.000265836715698242e-01 4.500766098499298096e-01
4.999749064445495605e-01 5.000255703926086426e-01 4.506938457489013672e-01
4.999766647815704346e-01 5.000268220901489258e-01 4.514091610908508301e-01
4.999753832817077637e-01 5.000257492065429688e-01 4.520261585712432861e-01
4.999772906303405762e-01 5.000269412994384766e-01 4.527412354946136475e-01
4.999760389328002930e-01 5.000259280204772949e-01 4.533585608005523682e-01
4.999786615371704102e-01 5.000267624855041504e-01 4.540736675262451172e-01
4.999770522117614746e-01 5.000253915786743164e-01 4.546897411346435547e-01
4.999774992465972900e-01 5.000258684158325195e-01 4.554048478603363037e-01
4.999767541885375977e-01 5.000249147415161133e-01 4.560225307941436768e-01
4.999796748161315918e-01 5.000265836715698242e-01 4.567383527755737305e-01
4.999782443046569824e-01 5.000259876251220703e-01 4.573555588722229004e-01
4.999801516532897949e-01 5.000272393226623535e-01 4.580709934234619141e-01
4.999790191650390625e-01 5.000265240669250488e-01 4.586882293224334717e-01
4.999809861183166504e-01 5.000276565551757812e-01 4.594033062458038330e-01
4.999794960021972656e-01 5.000269412994384766e-01 4.600203335285186768e-01
4.999814033508300781e-01 5.000278949737548828e-01 4.607358872890472412e-01
4.999800920486450195e-01 5.000268816947937012e-01 4.613528847694396973e-01
4.999818205833435059e-01 5.000277757644653320e-01 4.620682001113891602e-01
4.999805688858032227e-01 5.000268816947937012e-01 4.626855552196502686e-01
4.999825358390808105e-01 5.000278353691101074e-01 4.634003043174743652e-01
4.999811053276062012e-01 5.000266432762145996e-01 4.640172719955444336e-01
4.999833106994628906e-01 5.000276565551757812e-01 4.647323787212371826e-01
4.999822378158569336e-01 5.000266432762145996e-01 4.653492271900177002e-01
4.999843239784240723e-01 5.000277161598205566e-01 4.660646617412567139e-01
4.999831914901733398e-01 5.000268220901489258e-01 4.666818678379058838e-01
4.999852776527404785e-01 5.000277757644653320e-01 4.673971533775329590e-01
4.999842047691345215e-01 5.000268816947937012e-01 4.680140614509582520e-01
4.999863505363464355e-01 5.000281333923339844e-01 4.687294065952301025e-01
4.999851882457733154e-01 5.000271797180175781e-01 4.693466424942016602e-01
4.999872446060180664e-01 5.000283718109130859e-01 4.700618088245391846e-01
4.999859631061553955e-01 5.000273585319519043e-01 4.706788957118988037e-01
4.999881386756896973e-01 5.000282526016235352e-01 4.713942408561706543e-01
4.999872446060180664e-01 5.000272989273071289e-01 4.720117449760437012e-01
4.999916851520538330e-01 5.000295042991638184e-01 4.727276265621185303e-01
4.999898374080657959e-01 5.000283718109130859e-01 4.733449220657348633e-01
4.999907016754150391e-01 5.000289678573608398e-01 4.740596413612365723e-01
4.999894797801971436e-01 5.000281333923339844e-01 4.746769070625305176e-01
4.999906420707702637e-01 5.000288486480712891e-01 4.753918945789337158e-01
4.999901056289672852e-01 5.000280141830444336e-01 4.760094583034515381e-01
4.999934732913970947e-01 5.000298023223876953e-01 4.767252206802368164e-01
4.999917745590209961e-01 5.000286698341369629e-01 4.773416519165039062e-01
4.999933838844299316e-01 5.000300407409667969e-01 4.780567586421966553e-01
4.999922513961791992e-01 5.000292062759399414e-01 4.786734580993652344e-01
4.999938011169433594e-01 5.000299811363220215e-01 4.793884158134460449e-01
4.999933242797851562e-01 5.000292062759399414e-01 4.800058007240295410e-01
4.999962747097015381e-01 5.000307559967041016e-01 4.807219505310058594e-01
4.999946057796478271e-01 5.000299811363220215e-01 4.813386499881744385e-01
4.999965429306030273e-01 5.000308752059936523e-01 4.820536375045776367e-01
4.999956786632537842e-01 5.000300407409667969e-01 4.826708137989044189e-01
4.999984502792358398e-01 5.000314712524414062e-01 4.833865463733673096e-01
4.999969005584716797e-01 5.000305175781250000e-01 4.840030670166015625e-01
4.999988377094268799e-01 5.000316500663757324e-01 4.847178459167480469e-01
4.999979734420776367e-01 5.000307559967041016e-01 4.853352606296539307e-01
5.000001192092895508e-01 5.000318288803100586e-01 4.860508143901824951e-01
4.999992549419403076e-01 5.000308752059936523e-01 4.866683185100555420e-01
5.000019073486328125e-01 5.000325441360473633e-01 4.873842895030975342e-01
5.000003576278686523e-01 5.000317096710205078e-01 4.880005121231079102e-01
5.000025033950805664e-01 5.000327825546264648e-01 4.887154698371887207e-01
5.000017285346984863e-01 5.000320076942443848e-01 4.893329739570617676e-01
5.000038743019104004e-01 5.000331401824951172e-01 4.900490343570709229e-01
5.000027418136596680e-01 5.000324845314025879e-01 4.906654655933380127e-01
5.000042915344238281e-01 5.000334382057189941e-01 4.913798272609710693e-01
5.000032782554626465e-01 5.000324845314025879e-01 4.919972121715545654e-01
5.000060796737670898e-01 5.000338554382324219e-01 4.927130043506622314e-01
5.000051259994506836e-01 5.000329017639160156e-01 4.933304786682128906e-01
5.000080466270446777e-01 5.000345706939697266e-01 4.940462708473205566e-01
5.000064373016357422e-01 5.000336170196533203e-01 4.946626722812652588e-01
5.000079870223999023e-01 5.000344514846801758e-01 4.953773319721221924e-01
5.000071525573730469e-01 5.000336766242980957e-01 4.959947764873504639e-01
5.000096559524536133e-01 5.000349879264831543e-01 4.967103302478790283e-01
5.000089406967163086e-01 5.000342130661010742e-01 4.973272979259490967e-01
5.000115036964416504e-01 5.000356435775756836e-01 4.980428516864776611e-01
5.000103116035461426e-01 5.000348091125488281e-01 4.986593425273895264e-01
5.000117421150207520e-01 5.000358223915100098e-01 4.993738830089569092e-01
5.000112056732177734e-01 5.000350475311279297e-01 4.999909400939941406e-01
5.000135898590087891e-01 5.000362992286682129e-01 5.007069110870361328e-01
5.000126957893371582e-01 5.000355243682861328e-01 5.013242363929748535e-01
5.000151395797729492e-01 5.000368356704711914e-01 5.020394921302795410e-01
5.000145435333251953e-01 5.000359416007995605e-01 5.026566982269287109e-01
5.000169873237609863e-01 5.000374317169189453e-01 5.033724904060363770e-01
5.000156164169311523e-01 5.000364780426025391e-01 5.039889216423034668e-01
5.000169873237609863e-01 5.000375509262084961e-01 5.047035813331604004e-01
5.000162124633789062e-01 5.000365972518920898e-01 5.053207874298095703e-01
5.000188946723937988e-01 5.000380277633666992e-01 5.060360431671142578e-01
5.000177621841430664e-01 5.000371336936950684e-01 5.066533684730529785e-01
5.000202655792236328e-01 5.000383257865905762e-01 5.073687434196472168e-01
5.000194907188415527e-01 5.000376105308532715e-01 5.079858303070068359e-01
5.000214576721191406e-01 5.000387430191040039e-01 5.087013244628906250e-01
5.000206828117370605e-01 5.000379681587219238e-01 5.093181729316711426e-01
5.000230669975280762e-01 5.000390410423278809e-01 5.100343227386474609e-01
5.000215172767639160e-01 5.000382661819458008e-01 5.106503963470458984e-01
5.000238418579101562e-01 5.000396966934204102e-01 5.113655328750610352e-01
5.000231862068176270e-01 5.000387430191040039e-01 5.119823813438415527e-01
5.000255107879638672e-01 5.000401735305786133e-01 5.126977562904357910e-01
5.000246763229370117e-01 5.000391602516174316e-01 5.133151412010192871e-01
5.000274181365966797e-01 5.000405907630920410e-01 5.140306949615478516e-01
5.000263452529907227e-01 5.000397562980651855e-01 5.146473646163940430e-01
5.000288486480712891e-01 5.000411272048950195e-01 5.153630971908569336e-01
5.000278353691101074e-01 5.000403523445129395e-01 5.159797072410583496e-01
5.000302195549011230e-01 5.000417232513427734e-01 5.166952013969421387e-01
5.000293254852294922e-01 5.000409483909606934e-01 5.173121094703674316e-01
5.000316500663757324e-01 5.000422596931457520e-01 5.180271863937377930e-01
5.000306367874145508e-01 5.000414848327636719e-01 5.186443328857421875e-01
5.000329017639160156e-01 5.000427961349487305e-01 5.193594098091125488e-01
5.000323057174682617e-01 5.000420212745666504e-01 5.199764370918273926e-01
5.000343918800354004e-01 5.000433325767517090e-01 5.206916928291320801e-01
5.000332593917846680e-01 5.000423789024353027e-01 5.213084816932678223e-01
5.000361204147338867e-01 5.000438690185546875e-01 5.220239162445068359e-01
5.000351071357727051e-01 5.000430345535278320e-01 5.226408243179321289e-01
5.000372529029846191e-01 5.000442266464233398e-01 5.233561396598815918e-01
5.000360608100891113e-01 5.000433921813964844e-01 5.239732265472412109e-01
5.000386238098144531e-01 5.000447630882263184e-01 5.246887803077697754e-01
5.000377297401428223e-01 5.000438094139099121e-01 5.253059864044189453e-01
5.000399351119995117e-01 5.000450611114501953e-01 5.260215401649475098e-01
5.000389814376831055e-01 5.000442862510681152e-01 5.266385674476623535e-01
5.000413060188293457e-01 5.000455975532531738e-01 5.273541808128356934e-01
5.000402331352233887e-01 5.000447630882263184e-01 5.279708504676818848e-01
5.000428557395935059e-01 5.000461339950561523e-01 5.286862254142761230e-01
5.000415444374084473e-01 5.000454187393188477e-01 5.293034315109252930e-01
5.000441074371337891e-01 5.000467300415039062e-01 5.300182700157165527e-01
5.000432133674621582e-01 5.000458359718322754e-01 5.306349992752075195e-01
5.000457167625427246e-01 5.000470876693725586e-01 5.313503146171569824e-01
5.000447034835815430e-01 5.000463724136352539e-01 5.319673418998718262e-01
5.000474452972412109e-01 5.000478029251098633e-01 5.326827168464660645e-01
5.000464320182800293e-01 5.000469684600830078e-01 5.332998037338256836e-01
5.000487565994262695e-01 5.000482797622680664e-01 5.340147614479064941e-01
5.000476837158203125e-01 5.000473856925964355e-01 5.346320867538452148e-01
5.000500679016113281e-01 5.000486373901367188e-01 5.353474617004394531e-01
5.000493526458740234e-01 5.000482201576232910e-01 5.359645485877990723e-01
5.000517368316650391e-01 5.000495910644531250e-01 5.366798043251037598e-01
5.000508427619934082e-01 5.000485777854919434e-01 5.372969508171081543e-01
5.000532269477844238e-01 5.000499486923217773e-01 5.380125045776367188e-01
5.000523328781127930e-01 5.000492334365844727e-01 5.386292934417724609e-01
5.000544190406799316e-01 5.000504255294799805e-01 5.393446087837219238e-01
5.000536441802978516e-01 5.000496506690979004e-01 5.399619340896606445e-01
5.000559091567993164e-01 5.000510215759277344e-01 5.406770706176757812e-01
5.000552535057067871e-01 5.000504851341247559e-01 5.412943363189697266e-01
5.000573396682739258e-01 5.000516772270202637e-01 5.420096516609191895e-01
5.000565648078918457e-01 5.000510215759277344e-01 5.426265597343444824e-01
5.000593066215515137e-01 5.000525712966918945e-01 5.433419942855834961e-01
5.000583529472351074e-01 5.000516176223754883e-01 5.439588427543640137e-01
5.000609755516052246e-01 5.000531077384948730e-01 5.446739792823791504e-01
5.000600814819335938e-01 5.000522136688232422e-01 5.452911257743835449e-01
5.000623464584350586e-01 5.000535249710083008e-01 5.460062026977539062e-01
5.000615119934082031e-01 5.000528693199157715e-01 5.466235280036926270e-01
5.000637173652648926e-01 5.000542402267456055e-01 5.473390221595764160e-01
5.000625848770141602e-01 5.000534057617187500e-01 5.479558706283569336e-01
5.000652670860290527e-01 5.000549554824829102e-01 5.486709475517272949e-01
5.000641942024230957e-01 5.000540614128112793e-01 5.492881536483764648e-01
5.000668168067932129e-01 5.000555515289306641e-01 5.500032305717468262e-01
5.000657439231872559e-01 5.000548362731933594e-01 5.506201386451721191e-01
5.000684261322021484e-01 5.000562071800231934e-01 5.513356328010559082e-01
5.000674128532409668e-01 5.000553131103515625e-01 5.519524812698364258e-01
5.000697970390319824e-01 5.000567436218261719e-01 5.526680350303649902e-01
5.000686049461364746e-01 5.000559091567993164e-01 5.532849431037902832e-01
5.000709295272827148e-01 5.000572800636291504e-01 5.540002584457397461e-01
5.000702142715454102e-01 5.000565648078918457e-01 5.546173453330993652e-01
5.000725388526916504e-01 5.000577569007873535e-01 5.553326606750488281e-01
5.000715851783752441e-01 5.000569820404052734e-01 5.559496283531188965e-01
5.000744462013244629e-01 5.000585913658142090e-01 5.566647052764892578e-01
5.000733137130737305e-01 5.000576376914978027e-01 5.572818517684936523e-01
5.000756978988647461e-01 5.000588893890380859e-01 5.579971075057983398e-01
5.000749826431274414e-01 5.000582337379455566e-01 5.586140155792236328e-01
5.000771284103393555e-01 5.000596642494201660e-01 5.593295097351074219e-01
5.000766515731811523e-01 5.000587105751037598e-01 5.599465370178222656e-01
5.000790357589721680e-01 5.000602602958679199e-01 5.606619119644165039e-01
5.000776648521423340e-01 5.000594258308410645e-01 5.612788796424865723e-01
5.000803470611572266e-01 5.000607967376708984e-01 5.619942545890808105e-01
5.000795125961303711e-01 5.000600218772888184e-01 5.626108050346374512e-01
5.000818967819213867e-01 5.000613331794738770e-01 5.633264780044555664e-01
5.000807046890258789e-01 5.000606775283813477e-01 5.639432668685913086e-01
5.000834465026855469e-01 5.000621676445007324e-01 5.646586418151855469e-01
5.000823140144348145e-01 5.000613927841186523e-01 5.652760267257690430e-01
5.000849962234497070e-01 5.000625848770141602e-01 5.659908056259155273e-01
5.000841617584228516e-01 5.000620484352111816e-01 5.666072368621826172e-01
5.000863075256347656e-01 5.000634193420410156e-01 5.673227310180664062e-01
5.000857710838317871e-01 5.000626444816589355e-01 5.679397583007812500e-01
5.000880956649780273e-01 5.000641942024230957e-01 5.686551332473754883e-01
5.000873208045959473e-01 5.000633597373962402e-01 5.692723393440246582e-01
5.000897645950317383e-01 5.000646114349365234e-01 5.699874758720397949e-01
5.000886321067810059e-01 5.000638365745544434e-01 5.706045627593994141e-01
5.000910758972167969e-01 5.000650882720947266e-01 5.713201165199279785e-01
5.000900626182556152e-01 5.000644326210021973e-01 5.719367861747741699e-01
5.000923275947570801e-01 5.000656247138977051e-01 5.726528763771057129e-01
5.000917315483093262e-01 5.000650286674499512e-01 5.732695460319519043e-01
5.000939965248107910e-01 5.000663399696350098e-01 5.739847421646118164e-01
5.000929832458496094e-01 5.000658035278320312e-01 5.746015310287475586e-01
5.000954866409301758e-01 5.000668764114379883e-01 5.753168463706970215e-01
5.000945329666137695e-01 5.000662207603454590e-01 5.759338140487670898e-01
5.000972151756286621e-01 5.000676512718200684e-01 5.766491293907165527e-01
5.000963807106018066e-01 5.000669956207275391e-01 5.772660970687866211e-01
5.000987052917480469e-01 5.000683069229125977e-01 5.779811739921569824e-01
5.000978708267211914e-01 5.000675320625305176e-01 5.785979032516479492e-01
5.001005530357360840e-01 5.000690817832946777e-01 5.793135762214660645e-01
5.000993609428405762e-01 5.000683665275573730e-01 5.799303650856018066e-01
5.001019239425659180e-01 5.000698566436767578e-01 5.806453824043273926e-01
5.001008510589599609e-01 5.000687837600708008e-01 5.812624692916870117e-01
5.001032948493957520e-01 5.000701546669006348e-01 5.819778442382812500e-01
5.001022815704345703e-01 5.000694394111633301e-01 5.825949907302856445e-01
5.001047849655151367e-01 5.000708699226379395e-01 5.833104848861694336e-01
5.001038312911987305e-01 5.000702738761901855e-01 5.839278101921081543e-01
5.001064538955688477e-01 5.000715851783752441e-01 5.846427083015441895e-01
5.001056194305419922e-01 5.000709295272827148e-01 5.852595567703247070e-01
5.001081824302673340e-01 5.000724196434020996e-01 5.859746336936950684e-01
5.001074075698852539e-01 5.000716447830200195e-01 5.865917205810546875e-01
5.001096725463867188e-01 5.000730752944946289e-01 5.873067975044250488e-01
5.001087188720703125e-01 5.000723004341125488e-01 5.879241824150085449e-01
5.001110434532165527e-01 5.000736117362976074e-01 5.886391401290893555e-01
5.001104474067687988e-01 5.000728964805603027e-01 5.892559885978698730e-01
5.001127719879150391e-01 5.000743865966796875e-01 5.899714231491088867e-01
5.001121759414672852e-01 5.000737905502319336e-01 5.905882120132446289e-01
5.001143217086791992e-01 5.000751614570617676e-01 5.913035869598388672e-01
5.001134872436523438e-01 5.000745654106140137e-01 5.919206142425537109e-01
5.001159906387329102e-01 5.000758767127990723e-01 5.926356315612792969e-01
5.001148581504821777e-01 5.000752210617065430e-01 5.932527184486389160e-01
5.001175403594970703e-01 5.000766515731811523e-01 5.939680337905883789e-01
5.001165866851806641e-01 5.000761151313781738e-01 5.945853590965270996e-01
5.001188516616821289e-01 5.000773668289184570e-01 5.953007936477661133e-01
5.001182556152343750e-01 5.000767111778259277e-01 5.959175229072570801e-01
5.001206398010253906e-01 5.000781416893005371e-01 5.966326594352722168e-01
5.001197457313537598e-01 5.000776052474975586e-01 5.972497463226318359e-01
5.001221895217895508e-01 5.000790357589721680e-01 5.979649424552917480e-01
5.001214146614074707e-01 5.000783205032348633e-01 5.985819697380065918e-01
5.001238584518432617e-01 5.000794529914855957e-01 5.992971062660217285e-01
5.001229643821716309e-01 5.000787973403930664e-01 5.999140739440917969e-01
5.001251101493835449e-01 5.000802278518676758e-01 6.006294488906860352e-01
5.001243948936462402e-01 5.000796318054199219e-01 6.012464165687561035e-01
5.001266598701477051e-01 5.000811219215393066e-01 6.019617915153503418e-01
5.001264214515686035e-01 5.000806450843811035e-01 6.025788187980651855e-01
5.001286268234252930e-01 5.000818967819213867e-01 6.032940149307250977e-01
5.001277923583984375e-01 5.000813007354736328e-01 6.039108633995056152e-01
5.001299977302551270e-01 5.000828504562377930e-01 6.046265959739685059e-01
5.001291036605834961e-01 5.000821352005004883e-01 6.052433252334594727e-01
5.001313686370849609e-01 5.000834465026855469e-01 6.059585213661193848e-01
5.001308321952819824e-01 5.000830292701721191e-01 6.065755486488342285e-01
5.001335144042968750e-01 5.000843405723571777e-01 6.072906851768493652e-01
5.001327991485595703e-01 5.000839829444885254e-01 6.079078316688537598e-01
5.001352429389953613e-01 5.000852942466735840e-01 6.086229681968688965e-01
5.001342296600341797e-01 5.000846982002258301e-01 6.092401146888732910e-01
5.001368522644042969e-01 5.000861287117004395e-01 6.099548339843750000e-01
5.001360774040222168e-01 5.000854730606079102e-01 6.105720996856689453e-01
5.001382827758789062e-01 5.000869631767272949e-01 6.112874150276184082e-01
5.001372098922729492e-01 5.000863075256347656e-01 6.119043827056884766e-01
5.001398324966430664e-01 5.000875592231750488e-01 6.126192808151245117e-01
5.001388192176818848e-01 5.000869631767272949e-01 6.132364273071289062e-01
5.001414418220520020e-01 5.000885128974914551e-01 6.139517426490783691e-01
5.001404881477355957e-01 5.000879764556884766e-01 6.145686507225036621e-01
5.001434683799743652e-01 5.000894069671630859e-01 6.152839064598083496e-01
5.001423358917236328e-01 5.000888705253601074e-01 6.159011125564575195e-01
5.001450181007385254e-01 5.000903606414794922e-01 6.166163682937622070e-01
5.001440048217773438e-01 5.000896453857421875e-01 6.172329187393188477e-01
5.001460909843444824e-01 5.000909566879272461e-01 6.179483532905578613e-01
5.001450777053833008e-01 5.000904202461242676e-01 6.185656785964965820e-01
5.001477599143981934e-01 5.000919103622436523e-01 6.192804574966430664e-01
5.001472830772399902e-01 5.000913739204406738e-01 6.198977828025817871e-01
5.001496076583862305e-01 5.000926852226257324e-01 6.206129789352416992e-01
5.001491308212280273e-01 5.000922679901123047e-01 6.212296485900878906e-01
5.001515150070190430e-01 5.000937581062316895e-01 6.219450235366821289e-01
5.001504421234130859e-01 5.000931024551391602e-01 6.225622296333312988e-01
5.001530051231384277e-01 5.000945329666137695e-01 6.232768893241882324e-01
5.001519322395324707e-01 5.000939369201660156e-01 6.238940358161926270e-01
5.001549124717712402e-01 5.000957250595092773e-01 6.246092915534973145e-01
5.001536607742309570e-01 5.000948309898376465e-01 6.252266168594360352e-01
5.001565217971801758e-01 5.000963807106018066e-01 6.259416341781616211e-01
5.001553297042846680e-01 5.000958442687988281e-01 6.265589594841003418e-01
5.001580715179443359e-01 5.000972151756286621e-01 6.272740364074707031e-01
5.001568794250488281e-01 5.000966191291809082e-01 6.278916001319885254e-01
5.001595020294189453e-01 5.000981688499450684e-01 6.286064386367797852e-01
5.001586675643920898e-01 5.000973939895629883e-01 6.292238235473632812e-01
5.001614689826965332e-01 5.000994205474853516e-01 6.299386024475097656e-01
5.001602768898010254e-01 5.000989437103271484e-01 6.305560469627380371e-01
5.001627206802368164e-01 5.001003742218017578e-01 6.312713027000427246e-01
5.001623034477233887e-01 5.000998377799987793e-01 6.318880915641784668e-01
5.001649856567382812e-01 5.001013278961181641e-01 6.326029896736145020e-01
5.001637339591979980e-01 5.001006722450256348e-01 6.332207322120666504e-01
5.001663565635681152e-01 5.001021623611450195e-01 6.339354515075683594e-01
5.001657009124755859e-01 5.001017451286315918e-01 6.345526576042175293e-01
5.001682043075561523e-01 5.001034140586853027e-01 6.352676153182983398e-01
5.001671910285949707e-01 5.001026988029479980e-01 6.358848810195922852e-01
5.001697540283203125e-01 5.001040697097778320e-01 6.365997791290283203e-01
5.001683831214904785e-01 5.001033544540405273e-01 6.372175216674804688e-01
5.001711845397949219e-01 5.001048445701599121e-01 6.379325985908508301e-01
5.001698732376098633e-01 5.001043081283569336e-01 6.385495662689208984e-01
5.001725554466247559e-01 5.001056790351867676e-01 6.392648220062255859e-01
5.001717209815979004e-01 5.001053214073181152e-01 6.398819684982299805e-01
5.001739263534545898e-01 5.001066923141479492e-01 6.405969262123107910e-01
5.001732110977172852e-01 5.001060962677001953e-01 6.412142515182495117e-01
5.001758933067321777e-01 5.001075267791748047e-01 6.419290900230407715e-01
5.001750588417053223e-01 5.001070499420166016e-01 6.425464153289794922e-01
5.001778006553649902e-01 5.001085996627807617e-01 6.432616114616394043e-01
5.001763701438903809e-01 5.001081228256225586e-01 6.438788771629333496e-01
5.001789331436157227e-01 5.001095533370971680e-01 6.445938348770141602e-01
5.001782178878784180e-01 5.001090764999389648e-01 6.452111601829528809e-01
5.001804828643798828e-01 5.001102685928344727e-01 6.459259986877441406e-01
5.001794099807739258e-01 5.001099109649658203e-01 6.465433835983276367e-01
5.001819133758544922e-01 5.001112222671508789e-01 6.472583413124084473e-01
5.001810789108276367e-01 5.001107454299926758e-01 6.478759646415710449e-01
5.001839399337768555e-01 5.001124143600463867e-01 6.485905051231384277e-01
5.001826286315917969e-01 5.001119971275329590e-01 6.492077708244323730e-01
5.001853704452514648e-01 5.001134276390075684e-01 6.499225497245788574e-01
5.001845359802246094e-01 5.001128911972045898e-01 6.505402922630310059e-01
5.001873970031738281e-01 5.001143217086791992e-01 6.512546539306640625e-01
5.001860857009887695e-01 5.001137852668762207e-01 6.518723964691162109e-01
5.001886487007141113e-01 5.001151561737060547e-01 6.525872349739074707e-01
5.001877546310424805e-01 5.001146793365478516e-01 6.532045006752014160e-01
5.001903772354125977e-01 5.001159906387329102e-01 6.539193987846374512e-01
5.001890063285827637e-01 5.001152753829956055e-01 6.545370221138000488e-01
5.001925230026245117e-01 5.001172423362731934e-01 6.552509665489196777e-01
5.001913309097290039e-01 5.001168251037597656e-01 6.558687686920166016e-01
5.001935958862304688e-01 5.001180768013000488e-01 6.565840840339660645e-01
5.001924633979797363e-01 5.001174807548522949e-01 6.572013497352600098e-01
5.001951456069946289e-01 5.001191496849060059e-01 6.579160690307617188e-01
5.001939535140991211e-01 5.001186132431030273e-01 6.585341095924377441e-01
5.001969337463378906e-01 5.001202821731567383e-01 6.592485308647155762e-01
5.001958608627319336e-01 5.001198649406433105e-01 6.598662137985229492e-01
5.001987218856811523e-01 5.001215338706970215e-01 6.605802774429321289e-01
5.001976490020751953e-01 5.001210570335388184e-01 6.611976623535156250e-01
5.002006292343139648e-01 5.001226067543029785e-01 6.619126796722412109e-01
5.001993179321289062e-01 5.001221895217895508e-01 6.625302433967590332e-01
5.002012848854064941e-01 5.001232028007507324e-01 6.632458567619323730e-01
5.002002716064453125e-01 5.001227855682373047e-01 6.638634800910949707e-01
5.002026557922363281e-01 5.001240372657775879e-01 6.645781993865966797e-01
5.002021789550781250e-01 5.001237988471984863e-01 6.651954650878906250e-01
5.002048015594482422e-01 5.001253485679626465e-01 6.659100651741027832e-01
5.002037286758422852e-01 5.001249909400939941e-01 6.665276288986206055e-01
5.002065896987915039e-01 5.001265406608581543e-01 6.672425270080566406e-01
5.002052783966064453e-01 5.001261234283447266e-01 6.678596735000610352e-01
5.002083182334899902e-01 5.001276135444641113e-01 6.685748100280761719e-01
5.002071261405944824e-01 5.001271963119506836e-01 6.691924333572387695e-01
5.002099871635437012e-01 5.001286864280700684e-01 6.699067354202270508e-01
5.002089142799377441e-01 5.001282691955566406e-01 6.705241203308105469e-01
5.002117753028869629e-01 5.001298785209655762e-01 6.712385416030883789e-01
5.002105236053466797e-01 5.001292228698730469e-01 6.718562841415405273e-01
5.002131462097167969e-01 5.001308917999267578e-01 6.725705862045288086e-01
5.002122521400451660e-01 5.001303553581237793e-01 6.731885075569152832e-01
5.002144575119018555e-01 5.001317262649536133e-01 6.739031076431274414e-01
5.002134442329406738e-01 5.001310110092163086e-01 6.745205521583557129e-01
5.002162456512451172e-01 5.001326203346252441e-01 6.752356290817260742e-01
5.002149343490600586e-01 5.001320838928222656e-01 6.758533120155334473e-01
5.002177357673645020e-01 5.001335144042968750e-01 6.765677928924560547e-01
5.002163648605346680e-01 5.001332163810729980e-01 6.771853566169738770e-01
5.002193450927734375e-01 5.001347064971923828e-01 6.779000759124755859e-01
5.002177953720092773e-01 5.001341104507446289e-01 6.785179376602172852e-01
5.002210140228271484e-01 5.001358985900878906e-01 6.792320609092712402e-01
5.002195835113525391e-01 5.001354813575744629e-01 6.798495650291442871e-01
5.002224445343017578e-01 5.001367330551147461e-01 6.805644035339355469e-01
5.002213120460510254e-01 5.001365542411804199e-01 6.811823844909667969e-01
5.002244114875793457e-01 5.001380443572998047e-01 6.818967461585998535e-01
5.002229809761047363e-01 5.001374483108520508e-01 6.825146079063415527e-01
5.002257823944091797e-01 5.001389384269714355e-01 6.832291483879089355e-01
5.002245903015136719e-01 5.001386404037475586e-01 6.838470101356506348e-01
5.002273321151733398e-01 5.001403093338012695e-01 6.845613718032836914e-01
5.002263188362121582e-01 5.001398324966430664e-01 6.851788163185119629e-01
5.002294778823852539e-01 5.001416206359863281e-01 6.858932375907897949e-01
5.002285242080688477e-01 5.001412630081176758e-01 6.865106821060180664e-01
5.002312064170837402e-01 5.001426935195922852e-01 6.872256398200988770e-01
5.002296566963195801e-01 5.001422166824340820e-01 6.878433823585510254e-01
5.002331137657165527e-01 5.001441240310668945e-01 6.885578036308288574e-01
5.002321600914001465e-01 5.001435875892639160e-01 6.891754865646362305e-01
5.002350807189941406e-01 5.001451969146728516e-01 6.898896694183349609e-01
5.002338886260986328e-01 5.001447796821594238e-01 6.905077099800109863e-01
5.002358555793762207e-01 5.001457333564758301e-01 6.912232637405395508e-01
5.002346038818359375e-01 5.001454353332519531e-01 6.918405294418334961e-01
5.002377033233642578e-01 5.001469850540161133e-01 6.925548911094665527e-01
5.002362728118896484e-01 5.001465678215026855e-01 6.931728124618530273e-01
5.002393126487731934e-01 5.001482367515563965e-01 6.938869953155517578e-01
5.002379417419433594e-01 5.001477003097534180e-01 6.945046782493591309e-01
5.002406239509582520e-01 5.001493692398071289e-01 6.952192783355712891e-01
5.002396106719970703e-01 5.001488924026489258e-01 6.958368420600891113e-01
5.002426505088806152e-01 5.001505613327026367e-01 6.965512633323669434e-01
5.002411603927612305e-01 5.001502037048339844e-01 6.971691846847534180e-01
5.002442598342895508e-01 5.001519918441772461e-01 6.978834867477416992e-01
5.002431273460388184e-01 5.001513361930847168e-01 6.985015273094177246e-01
5.002456307411193848e-01 5.001529455184936523e-01 6.992157697677612305e-01
5.002443790435791016e-01 5.001523494720458984e-01 6.998340487480163574e-01
5.002474784851074219e-01 5.001538395881652832e-01 7.005481719970703125e-01
5.002459883689880371e-01 5.001534819602966309e-01 7.011661529541015625e-01
5.002490878105163574e-01 5.001551508903503418e-01 7.018804550170898438e-01
5.002478361129760742e-01 5.001546144485473633e-01 7.024983763694763184e-01
5.002506375312805176e-01 5.001563429832458496e-01 7.032124996185302734e-01
5.002493262290954590e-01 5.001559257507324219e-01 7.038302421569824219e-01
5.002520680427551270e-01 5.001573562622070312e-01 7.045451402664184570e-01
5.002509951591491699e-01 5.001571178436279297e-01 7.051631212234497070e-01
5.002537965774536133e-01 5.001585483551025391e-01 7.058774828910827637e-01
5.002524256706237793e-01 5.001580715179443359e-01 7.064957022666931152e-01
5.002555847167968750e-01 5.001598596572875977e-01 7.072098255157470703e-01
5.002539753913879395e-01 5.001593828201293945e-01 7.078275084495544434e-01
5.002571344375610352e-01 5.001609921455383301e-01 7.085422873497009277e-01
5.002554655075073242e-01 5.001605749130249023e-01 7.091600894927978516e-01
5.002590417861938477e-01 5.001623630523681641e-01 7.098742723464965820e-01
5.002574324607849121e-01 5.001618266105651855e-01 7.104923725128173828e-01
5.002605319023132324e-01 5.001634955406188965e-01 7.112064957618713379e-01
5.002591013908386230e-01 5.001627802848815918e-01 7.118245959281921387e-01
5.002621412277221680e-01 5.001645088195800781e-01 7.125390172004699707e-01
5.002606511116027832e-01 5.001641511917114258e-01 7.131569981575012207e-01
5.002638101577758789e-01 5.001658797264099121e-01 7.138711214065551758e-01
5.002619624137878418e-01 5.001653432846069336e-01 7.144892215728759766e-01
5.002653598785400391e-01 5.001670718193054199e-01 7.152033448219299316e-01
5.002636313438415527e-01 5.001664161682128906e-01 7.158213853836059570e-01
5.002666115760803223e-01 5.001679658889770508e-01 7.165354490280151367e-01
5.002653598785400391e-01 5.001674890518188477e-01 7.171541452407836914e-01
5.002683401107788086e-01 5.001690387725830078e-01 7.178679704666137695e-01
5.002664327621459961e-01 5.001685023307800293e-01 7.184864878654479980e-01
5.002697706222534180e-01 5.001704692840576172e-01 7.192001342773437500e-01
5.002682805061340332e-01 5.001700520515441895e-01 7.198185920715332031e-01
5.002713203430175781e-01 5.001714229583740234e-01 7.205322980880737305e-01
5.002697706222534180e-01 5.001712441444396973e-01 7.211507558822631836e-01
5.002728700637817383e-01 5.001727342605590820e-01 7.218647003173828125e-01
5.002713203430175781e-01 5.001723766326904297e-01 7.224830985069274902e-01
5.002748966217041016e-01 5.001741647720336914e-01 7.231971025466918945e-01
5.002732872962951660e-01 5.001738071441650391e-01 7.238147854804992676e-01
5.002760291099548340e-01 5.001751780509948730e-01 7.245294451713562012e-01
5.002745389938354492e-01 5.001747608184814453e-01 7.251476049423217773e-01
5.002778172492980957e-01 5.001764893531799316e-01 7.258620858192443848e-01
5.002761483192443848e-01 5.001761913299560547e-01 7.264801859855651855e-01
5.002792477607727051e-01 5.001776218414306641e-01 7.271943688392639160e-01
5.002777576446533203e-01 5.001772046089172363e-01 7.278124690055847168e-01
5.002806782722473145e-01 5.001786947250366211e-01 7.285271883010864258e-01
5.002791881561279297e-01 5.001782178878784180e-01 7.291452884674072266e-01
5.002829432487487793e-01 5.001802444458007812e-01 7.298586964607238770e-01
5.002813339233398438e-01 5.001798868179321289e-01 7.304769754409790039e-01
5.002841949462890625e-01 5.001811385154724121e-01 7.311916947364807129e-01
5.002827048301696777e-01 5.001808404922485352e-01 7.318094968795776367e-01
5.002864599227905273e-01 5.001826882362365723e-01 7.325236201286315918e-01
5.002847313880920410e-01 5.001823306083679199e-01 7.331416606903076172e-01
5.002878308296203613e-01 5.001838207244873047e-01 7.338554263114929199e-01
5.002859234809875488e-01 5.001833438873291016e-01 7.344736456871032715e-01
5.002892613410949707e-01 5.001850128173828125e-01 7.351873517036437988e-01
5.002877116203308105e-01 5.001844167709350586e-01 7.358057498931884766e-01
5.002907514572143555e-01 5.001859664916992188e-01 7.365193367004394531e-01
5.002890825271606445e-01 5.001855492591857910e-01 7.371379733085632324e-01
5.002923607826232910e-01 5.001872777938842773e-01 7.378520369529724121e-01
5.002905726432800293e-01 5.001868009567260742e-01 7.384707331657409668e-01
5.002939105033874512e-01 5.001887083053588867e-01 7.391845583915710449e-01
5.002923011779785156e-01 5.001882910728454590e-01 7.398030757904052734e-01
5.002954602241516113e-01 5.001900196075439453e-01 7.405169606208801270e-01
5.002936124801635742e-01 5.001894235610961914e-01 7.411351203918457031e-01
5.002970695495605469e-01 5.001909732818603516e-01 7.418492436408996582e-01
5.002948045730590820e-01 5.001903772354125977e-01 7.424676418304443359e-01
5.002982020378112793e-01 5.001921057701110840e-01 7.431816458702087402e-01
5.002962350845336914e-01 5.001913309097290039e-01 7.438008785247802734e-01
5.002998709678649902e-01 5.001932978630065918e-01 7.445140480995178223e-01
5.002983808517456055e-01 5.001928806304931641e-01 7.451324462890625000e-01
5.003019571304321289e-01 5.001947879791259766e-01 7.458462715148925781e-01
5.002998709678649902e-01 5.001942515373229980e-01 7.464646100997924805e-01
5.003036260604858398e-01 5.001961588859558105e-01 7.471781969070434570e-01
5.003016591072082520e-01 5.001958608627319336e-01 7.477970123291015625e-01
5.003051757812500000e-01 5.001974701881408691e-01 7.485108375549316406e-01
5.003030896186828613e-01 5.001972913742065430e-01 7.491294741630554199e-01
5.003066658973693848e-01 5.001988410949707031e-01 7.498431801795959473e-01
5.003049373626708984e-01 5.001986026763916016e-01 7.504613399505615234e-01
5.003085136413574219e-01 5.002003908157348633e-01 7.511752247810363770e-01
5.003064274787902832e-01 5.001997351646423340e-01 7.517936825752258301e-01
5.003097653388977051e-01 5.002014636993408203e-01 7.525075674057006836e-01
5.003081560134887695e-01 5.002008676528930664e-01 7.531260848045349121e-01
5.003115534782409668e-01 5.002026557922363281e-01 7.538395524024963379e-01
5.003096461296081543e-01 5.002025365829467773e-01 7.544583082199096680e-01
5.003136396408081055e-01 5.002043247222900391e-01 7.551720142364501953e-01
5.003117322921752930e-01 5.002040266990661621e-01 7.557899951934814453e-01
5.003146529197692871e-01 5.002055168151855469e-01 7.565039992332458496e-01
5.003129243850708008e-01 5.002049803733825684e-01 7.571228742599487305e-01
5.003166794776916504e-01 5.002069473266601562e-01 7.578366994857788086e-01
5.003147125244140625e-01 5.002064108848571777e-01 7.584555745124816895e-01
5.003182291984558105e-01 5.002083182334899902e-01 7.591689229011535645e-01
5.003160834312438965e-01 5.002077817916870117e-01 7.597879171371459961e-01
5.003193616867065430e-01 5.002094507217407227e-01 7.605016827583312988e-01
5.003175735473632812e-01 5.002092719078063965e-01 7.611205577850341797e-01
5.003183484077453613e-01 5.002087950706481934e-01 7.617380619049072266e-01
5.003165006637573242e-01 5.002086162567138672e-01 7.622683644294738770e-01
5.003161430358886719e-01 5.002095103263854980e-01 7.627164721488952637e-01
5.003156661987304688e-01 5.002108216285705566e-01 7.630951404571533203e-01
5.003158450126647949e-01 5.002122521400451660e-01 7.634151577949523926e-01
5.003155469894409180e-01 5.002139806747436523e-01 7.636852264404296875e-01
5.003163814544677734e-01 5.002159476280212402e-01 7.639135122299194336e-01
5.003172755241394043e-01 5.002177953720092773e-01 7.641062140464782715e-01
5.003175139427185059e-01 5.002191066741943359e-01 7.642693519592285156e-01
5.003182291984558105e-01 5.002207756042480469e-01 7.644072175025939941e-01
5.003188252449035645e-01 5.002220869064331055e-01 7.645233273506164551e-01
5.003196001052856445e-01 5.002233982086181641e-01 7.646213173866271973e-01
5.003203749656677246e-01 5.002245306968688965e-01 7.647043466567993164e-01
5.003208518028259277e-01 5.002257227897644043e-01 7.647746205329895020e-01
5.003214478492736816e-01 5.002262592315673828e-01 7.648338675498962402e-01
5.003218650817871094e-01 5.002272129058837891e-01 7.648839950561523438e-01
5.003221035003662109e-01 5.002277493476867676e-01 7.649261355400085449e-01
5.003226995468139648e-01 5.002285242080688477e-01 7.649615406990051270e-01
5.003232955932617188e-01 5.002292394638061523e-01 7.649915218353271484e-01
5.003230571746826172e-01 5.002295374870300293e-01 7.650170326232910156e-01
5.003249645233154297e-01 5.002309083938598633e-01 7.650378346443176270e-01
5.003247857093811035e-01 5.002309083938598633e-01 7.650565505027770996e-01
5.003243684768676758e-01 5.002306103706359863e-01 7.650724649429321289e-01
5.003246068954467773e-01 5.002309679985046387e-01 7.650853991508483887e-01
5.003254413604736328e-01 5.002317428588867188e-01 7.650959491729736328e-01
5.003253817558288574e-01 5.002315640449523926e-01 7.651053667068481445e-01
5.003690123558044434e-01 5.002630949020385742e-01 7.649853825569152832e-01
5.004132986068725586e-01 5.002946257591247559e-01 7.648713588714599609e-01
5.004060268402099609e-01 5.002890229225158691e-01 7.649038434028625488e-01
5.003933906555175781e-01 5.002803802490234375e-01 7.649431228637695312e-01
5.003830790519714355e-01 5.002729296684265137e-01 7.649767994880676270e-01
5.003738403320312500e-01 5.002664327621459961e-01 7.650047540664672852e-01
5.003662109375000000e-01 5.002614259719848633e-01 7.650279402732849121e-01
5.003598928451538086e-01 5.002566576004028320e-01 7.650475502014160156e-01
5.003538131713867188e-01 5.002524852752685547e-01 7.650650739669799805e-01
5.003492832183837891e-01 5.002497434616088867e-01 7.650793790817260742e-01
5.003468394279479980e-01 5.002479553222656250e-01 7.650910019874572754e-01
5.003435015678405762e-01 5.002454519271850586e-01 7.651010155677795410e-01
5.003408789634704590e-01 5.002435445785522461e-01 7.651094794273376465e-01
5.003386139869689941e-01 5.002419948577880859e-01 7.651167511940002441e-01
5.003826618194580078e-01 5.002736449241638184e-01 7.649962902069091797e-01
5.004266500473022461e-01 5.003050565719604492e-01 7.648825645446777344e-01
5.004167556762695312e-01 5.002976655960083008e-01 7.649132609367370605e-01
5.004029273986816406e-01 5.002875924110412598e-01 7.649508714675903320e-01
5.003906488418579102e-01 5.002791881561279297e-01 7.649828791618347168e-01
5.003806352615356445e-01 5.002719163894653320e-01 7.650099396705627441e-01
5.003717541694641113e-01 5.002658963203430176e-01 7.650328278541564941e-01
5.003645420074462891e-01 5.002605915069580078e-01 7.650521993637084961e-01
5.003586411476135254e-01 5.002562999725341797e-01 7.650682330131530762e-01
5.003536939620971680e-01 5.002529025077819824e-01 7.650817036628723145e-01
5.003501772880554199e-01 5.002507567405700684e-01 7.650931477546691895e-01
5.003463029861450195e-01 5.002480745315551758e-01 7.651026844978332520e-01
5.003430843353271484e-01 5.002456307411193848e-01 7.651107311248779297e-01
5.003402829170227051e-01 5.002432465553283691e-01 7.651180028915405273e-01
5.003843307495117188e-01 5.002748370170593262e-01 7.649978399276733398e-01
5.004281997680664062e-01 5.003063082695007324e-01 7.648841738700866699e-01
5.004188418388366699e-01 5.002987980842590332e-01 7.649140357971191406e-01
5.004042983055114746e-01 5.002881288528442383e-01 7.649518251419067383e-01
5.003916025161743164e-01 5.002792477607727051e-01 7.649835944175720215e-01
5.003817081451416016e-01 5.002723336219787598e-01 7.650101780891418457e-01
5.003737211227416992e-01 5.002663135528564453e-01 7.650328278541564941e-01
5.003665089607238770e-01 5.002610683441162109e-01 7.650519013404846191e-01
5.003592371940612793e-01 5.002559423446655273e-01 7.650682926177978516e-01
5.003537535667419434e-01 5.002525448799133301e-01 7.650818824768066406e-01
5.003508329391479492e-01 5.002505779266357422e-01 7.650928497314453125e-01
5.003470182418823242e-01 5.002476572990417480e-01 7.651026844978332520e-01
5.003435611724853516e-01 5.002455711364746094e-01 7.651107311248779297e-01
5.003404021263122559e-01 5.002432465553283691e-01 7.651175856590270996e-01
5.003844499588012695e-01 5.002747774124145508e-01 7.649974226951599121e-01
5.004285573959350586e-01 5.003061890602111816e-01 7.648835182189941406e-01
5.004185438156127930e-01 5.002985000610351562e-01 7.649139761924743652e-01
5.004045367240905762e-01 5.002881288528442383e-01 7.649517655372619629e-01
5.003923177719116211e-01 5.002797842025756836e-01 7.649831175804138184e-01
5.003820657730102539e-01 5.002725124359130859e-01 7.650097608566284180e-01
5.003727674484252930e-01 5.002663135528564453e-01 7.650328874588012695e-01
5.003656744956970215e-01 5.002613067626953125e-01 7.650520205497741699e-01
5.003593564033508301e-01 5.002567768096923828e-01 7.650682926177978516e-01
5.003541707992553711e-01 5.002530813217163086e-01 7.650822997093200684e-01
5.003505349159240723e-01 5.002506971359252930e-01 7.650934457778930664e-01
5.003464221954345703e-01 5.002478957176208496e-01 7.651031613349914551e-01
5.003432631492614746e-01 5.002452731132507324e-01 7.651110291481018066e-01
5.003405213356018066e-01 5.002432465553283691e-01 7.651181817054748535e-01
5.003843903541564941e-01 5.002750158309936523e-01 7.649977207183837891e-01
5.004286170005798340e-01 5.003062486648559570e-01 7.648840546607971191e-01
5.004190206527709961e-01 5.002988576889038086e-01 7.649144530296325684e-01
5.004047751426696777e-01 5.002883672714233398e-01 7.649520039558410645e-01
5.003925561904907227e-01 5.002796053886413574e-01 7.649838924407958984e-01
5.003826022148132324e-01 5.002720952033996582e-01 7.650107145309448242e-01
5.003741383552551270e-01 5.002657175064086914e-01 7.650330662727355957e-01
5.003666877746582031e-01 5.002602934837341309e-01 7.650523781776428223e-01
5.003600120544433594e-01 5.002558231353759766e-01 7.650682330131530762e-01
5.003544092178344727e-01 5.002521872520446777e-01 7.650818824768066406e-01
5.003510713577270508e-01 5.002499818801879883e-01 7.650928497314453125e-01
5.003469586372375488e-01 5.002473592758178711e-01 7.651026844978332520e-01
5.003444552421569824e-01 5.002449750900268555e-01 7.651109099388122559e-01
5.003414154052734375e-01 5.002430081367492676e-01 7.651177048683166504e-01
5.003854036331176758e-01 5.002744793891906738e-01 7.649977803230285645e-01
5.004296898841857910e-01 5.003059506416320801e-01 7.648836970329284668e-01
5.004192590713500977e-01 5.002984404563903809e-01 7.649146318435668945e-01
5.004046559333801270e-01 5.002883672714233398e-01 7.649518251419067383e-01
5.003923773765563965e-01 5.002797842025756836e-01 7.649834752082824707e-01
5.003821253776550293e-01 5.002725124359130859e-01 7.650102376937866211e-01
5.003737807273864746e-01 5.002666115760803223e-01 7.650325894355773926e-01
5.003664493560791016e-01 5.002608895301818848e-01 7.650517225265502930e-01
5.003599524497985840e-01 5.002566576004028320e-01 7.650678753852844238e-01
5.003542900085449219e-01 5.002528429031372070e-01 7.650816440582275391e-01
5.003502368927001953e-01 5.002502202987670898e-01 7.650926709175109863e-01
5.003466010093688965e-01 5.002475976943969727e-01 7.651027441024780273e-01
5.003432631492614746e-01 5.002450346946716309e-01 7.651107311248779297e-01
5.003409385681152344e-01 5.002430081367492676e-01 7.651175260543823242e-01
5.003849267959594727e-01 5.002748370170593262e-01 7.649973630905151367e-01
5.004291534423828125e-01 5.003060698509216309e-01 7.648831009864807129e-01
5.004189610481262207e-01 5.002985596656799316e-01 7.649138569831848145e-01
5.004047155380249023e-01 5.002882480621337891e-01 7.649514079093933105e-01
5.003929734230041504e-01 5.002795457839965820e-01 7.649835348129272461e-01
5.003829002380371094e-01 5.002720952033996582e-01 7.650104761123657227e-01
5.003738999366760254e-01 5.002657771110534668e-01 7.650328278541564941e-01
5.003668665885925293e-01 5.002604126930236816e-01 7.650520205497741699e-01
5.003593564033508301e-01 5.002552866935729980e-01 7.650688886642456055e-01
5.003543496131896973e-01 5.002521276473999023e-01 7.650823593139648438e-01
5.003509521484375000e-01 5.002498626708984375e-01 7.650936841964721680e-01
5.003466606140136719e-01 5.002470612525939941e-01 7.651031017303466797e-01
5.003437399864196777e-01 5.002447366714477539e-01 7.651113867759704590e-01
5.003414750099182129e-01 5.002426505088806152e-01 7.651181817054748535e-01
5.003852248191833496e-01 5.002744793891906738e-01 7.649980187416076660e-01
5.004294514656066895e-01 5.003058314323425293e-01 7.648839950561523438e-01
5.004193186759948730e-01 5.002983808517456055e-01 7.649148106575012207e-01
5.004050135612487793e-01 5.002883672714233398e-01 7.649520635604858398e-01
5.003924369812011719e-01 5.002797245979309082e-01 7.649834752082824707e-01
5.003820061683654785e-01 5.002725124359130859e-01 7.650105953216552734e-01
5.003734230995178223e-01 5.002665519714355469e-01 7.650330662727355957e-01
5.003659725189208984e-01 5.002614259719848633e-01 7.650517225265502930e-01
5.003596544265747070e-01 5.002570748329162598e-01 7.650682330131530762e-01
5.003541707992553711e-01 5.002532005310058594e-01 7.650821208953857422e-01
5.003506541252136230e-01 5.002508759498596191e-01 7.650936245918273926e-01
5.003466606140136719e-01 5.002478957176208496e-01 7.651031613349914551e-01
5.003432631492614746e-01 5.002453923225402832e-01 7.651113867759704590e-01
5.003402233123779297e-01 5.002434253692626953e-01 7.651185393333435059e-01
5.003841519355773926e-01 5.002750754356384277e-01 7.649981379508972168e-01
5.004283189773559570e-01 5.003063082695007324e-01 7.648843526840209961e-01
5.004188418388366699e-01 5.002987980842590332e-01 7.649143934249877930e-01
5.004040002822875977e-01 5.002883076667785645e-01 7.649524211883544922e-01
5.003916621208190918e-01 5.002794265747070312e-01 7.649840712547302246e-01
5.003815889358520508e-01 5.002724528312683105e-01 7.650104165077209473e-01
5.003737807273864746e-01 5.002665519714355469e-01 7.650328874588012695e-01
5.003663301467895508e-01 5.002610683441162109e-01 7.650522589683532715e-01
5.003590583801269531e-01 5.002562403678894043e-01 7.650690674781799316e-01
5.003540515899658203e-01 5.002527236938476562e-01 7.650827169418334961e-01
5.003508329391479492e-01 5.002504587173461914e-01 7.650936841964721680e-01
5.003467202186584473e-01 5.002477169036865234e-01 7.651032805442810059e-01
5.003433227539062500e-01 5.002454519271850586e-01 7.651111483573913574e-01
5.003403425216674805e-01 5.002431869506835938e-01 7.651185393333435059e-01
5.003842711448669434e-01 5.002748966217041016e-01 7.649983167648315430e-01
5.004284381866455078e-01 5.003063082695007324e-01 7.648842930793762207e-01
5.004188418388366699e-01 5.002987384796142578e-01 7.649145126342773438e-01
5.004044771194458008e-01 5.002881288528442383e-01 7.649522423744201660e-01
5.003918409347534180e-01 5.002792477607727051e-01 7.649837136268615723e-01
5.003815889358520508e-01 5.002722740173339844e-01 7.650105953216552734e-01
5.003730654716491699e-01 5.002663731575012207e-01 7.650334835052490234e-01
5.003659725189208984e-01 5.002611875534057617e-01 7.650527954101562500e-01
5.003598332405090332e-01 5.002570152282714844e-01 7.650687098503112793e-01
5.003544688224792480e-01 5.002530813217163086e-01 7.650822997093200684e-01
5.003507733345031738e-01 5.002505183219909668e-01 7.650932669639587402e-01
5.003467202186584473e-01 5.002476572990417480e-01 7.651032209396362305e-01
5.003432631492614746e-01 5.002451539039611816e-01 7.651113271713256836e-01
5.003408789634704590e-01 5.002431869506835938e-01 7.651184201240539551e-01
5.003848671913146973e-01 5.002748370170593262e-01 7.649981379508972168e-01
5.004290342330932617e-01 5.003061890602111816e-01 7.648840546607971191e-01
5.004191398620605469e-01 5.002986192703247070e-01 7.649146318435668945e-01
5.004050135612487793e-01 5.002882480621337891e-01 7.649521827697753906e-01
5.003927350044250488e-01 5.002797245979309082e-01 7.649833559989929199e-01
5.003823041915893555e-01 5.002723932266235352e-01 7.650101184844970703e-01
5.003734230995178223e-01 5.002665519714355469e-01 7.650327682495117188e-01
5.003660321235656738e-01 5.002614259719848633e-01 7.650519013404846191e-01
5.003592967987060547e-01 5.002567172050476074e-01 7.650682330131530762e-01
5.003542900085449219e-01 5.002530813217163086e-01 7.650818824768066406e-01
5.003507733345031738e-01 5.002505183219909668e-01 7.650934457778930664e-01
5.003470182418823242e-01 5.002480745315551758e-01 7.651028037071228027e-01
5.003434419631958008e-01 5.002454519271850586e-01 7.651107907295227051e-01
5.003405809402465820e-01 5.002436041831970215e-01 7.651182413101196289e-01
5.003843307495117188e-01 5.002751350402832031e-01 7.649978399276733398e-01
5.004283785820007324e-01 5.003063678741455078e-01 7.648841142654418945e-01
5.004190206527709961e-01 5.002989768981933594e-01 7.649142146110534668e-01
5.004042387008666992e-01 5.002882480621337891e-01 7.649523019790649414e-01
5.003916621208190918e-01 5.002793073654174805e-01 7.649839520454406738e-01
5.003817081451416016e-01 5.002723932266235352e-01 7.650104165077209473e-01
5.003735423088073730e-01 5.002664327621459961e-01 7.650332450866699219e-01
5.003663897514343262e-01 5.002611875534057617e-01 7.650523185729980469e-01
5.003592371940612793e-01 5.002561211585998535e-01 7.650682330131530762e-01
5.003540515899658203e-01 5.002527236938476562e-01 7.650818228721618652e-01
5.003510713577270508e-01 5.002508163452148438e-01 7.650927305221557617e-01
5.003468990325927734e-01 5.002478957176208496e-01 7.651026844978332520e-01
5.003436207771301270e-01 5.002454519271850586e-01 7.651109099388122559e-01
5.003405809402465820e-01 5.002435445785522461e-01 7.651175856590270996e-01
5.003846287727355957e-01 5.002748966217041016e-01 7.649973630905151367e-01
5.004284381866455078e-01 5.003062486648559570e-01 7.648833990097045898e-01
5.004186630249023438e-01 5.002987384796142578e-01 7.649139165878295898e-01
5.004047155380249023e-01 5.002881884574890137e-01 7.649516463279724121e-01
5.003925561904907227e-01 5.002799034118652344e-01 7.649832963943481445e-01
5.003820657730102539e-01 5.002727508544921875e-01 7.650096416473388672e-01
5.003730058670043945e-01 5.002664327621459961e-01 7.650327682495117188e-01
5.003656744956970215e-01 5.002612471580505371e-01 7.650517821311950684e-01
5.003594756126403809e-01 5.002568364143371582e-01 7.650682926177978516e-01
5.003546476364135742e-01 5.002530217170715332e-01 7.650815844535827637e-01
5.003503561019897461e-01 5.002502202987670898e-01 7.650929093360900879e-01
5.003466606140136719e-01 5.002477169036865234e-01 7.651023268699645996e-01
5.003432631492614746e-01 5.002451539039611816e-01 7.651106119155883789e-01
5.003407001495361328e-01 5.002430677413940430e-01 7.651178836822509766e-01
5.003846287727355957e-01 5.002747178077697754e-01 7.649974822998046875e-01
5.004286766052246094e-01 5.003060102462768555e-01 7.648836374282836914e-01
5.004190206527709961e-01 5.002987384796142578e-01 7.649139761924743652e-01
5.004048347473144531e-01 5.002880692481994629e-01 7.649518847465515137e-01
5.003924369812011719e-01 5.002793073654174805e-01 7.649835944175720215e-01
5.003817677497863770e-01 5.002721548080444336e-01 7.650103569030761719e-01
5.003735423088073730e-01 5.002665519714355469e-01 7.650325894355773926e-01
5.003657341003417969e-01 5.002611279487609863e-01 7.650517821311950684e-01
5.003594160079956055e-01 5.002568364143371582e-01 7.650676369667053223e-01
5.003542900085449219e-01 5.002532005310058594e-01 7.650815248489379883e-01
5.003510713577270508e-01 5.002509355545043945e-01 7.650924324989318848e-01
5.003471970558166504e-01 5.002481937408447266e-01 7.651026248931884766e-01
5.003436207771301270e-01 5.002458095550537109e-01 7.651104331016540527e-01
5.003406405448913574e-01 5.002435445785522461e-01 7.651178240776062012e-01
5.003845691680908203e-01 5.002751350402832031e-01 7.649976611137390137e-01
5.004285573959350586e-01 5.003064870834350586e-01 7.648838758468627930e-01
5.004190206527709961e-01 5.002990365028381348e-01 7.649139165878295898e-01
5.004044771194458008e-01 5.002884864807128906e-01 7.649517059326171875e-01
5.003930330276489258e-01 5.002797842025756836e-01 7.649829387664794922e-01
5.003826618194580078e-01 5.002722144126892090e-01 7.650099396705627441e-01
5.003736615180969238e-01 5.002660751342773438e-01 7.650327682495117188e-01
5.003658533096313477e-01 5.002608895301818848e-01 7.650516033172607422e-01
5.003595948219299316e-01 5.002565383911132812e-01 7.650681138038635254e-01
5.003542304039001465e-01 5.002529621124267578e-01 7.650815248489379883e-01
5.003507137298583984e-01 5.002503991127014160e-01 7.650927901268005371e-01
5.003466606140136719e-01 5.002477169036865234e-01 7.651025056838989258e-01
5.003434419631958008e-01 5.002450942993164062e-01 7.651107311248779297e-01
5.003410577774047852e-01 5.002432465553283691e-01 7.651176452636718750e-01
5.003851652145385742e-01 5.002748370170593262e-01 7.649974226951599121e-01
5.004290342330932617e-01 5.003060102462768555e-01 7.648834586143493652e-01
5.004192590713500977e-01 5.002985000610351562e-01 7.649138569831848145e-01
5.004048943519592285e-01 5.002881288528442383e-01 7.649517059326171875e-01
5.003924965858459473e-01 5.002794861793518066e-01 7.649834752082824707e-01
5.003820061683654785e-01 5.002721548080444336e-01 7.650105357170104980e-01
5.003728270530700684e-01 5.002660751342773438e-01 7.650331258773803711e-01
5.003657341003417969e-01 5.002608895301818848e-01 7.650526165962219238e-01
5.003607273101806641e-01 5.002574920654296875e-01 7.650682926177978516e-01
5.003551244735717773e-01 5.002536773681640625e-01 7.650817632675170898e-01
5.003505945205688477e-01 5.002504587173461914e-01 7.650931477546691895e-01
5.003466606140136719e-01 5.002474784851074219e-01 7.651033997535705566e-01
5.003902912139892578e-01 5.002788901329040527e-01 7.649833559989929199e-01
5.004345178604125977e-01 5.003104209899902344e-01 7.648694515228271484e-01
5.004232525825500488e-01 5.003021955490112305e-01 7.649022936820983887e-01
5.004085302352905273e-01 5.002913475036621094e-01 7.649414539337158203e-01
5.003955960273742676e-01 5.002822875976562500e-01 7.649749517440795898e-01
5.003846883773803711e-01 5.002745985984802246e-01 7.650030255317687988e-01
5.003750920295715332e-01 5.002681016921997070e-01 7.650266289710998535e-01
5.003675222396850586e-01 5.002625584602355957e-01 7.650467157363891602e-01
5.003609657287597656e-01 5.002580285072326660e-01 7.650637030601501465e-01
5.003557801246643066e-01 5.002541542053222656e-01 7.650777697563171387e-01
5.003519058227539062e-01 5.002515316009521484e-01 7.650898694992065430e-01
5.003479123115539551e-01 5.002484321594238281e-01 7.651001811027526855e-01
5.003440380096435547e-01 5.002459883689880371e-01 7.651088237762451172e-01
5.003415942192077637e-01 5.002438426017761230e-01 7.651165723800659180e-01
5.003854036331176758e-01 5.002754926681518555e-01 7.649960517883300781e-01
5.004292130470275879e-01 5.003067255020141602e-01 7.648822069168090820e-01
5.004199743270874023e-01 5.002993941307067871e-01 7.649126648902893066e-01
5.004055500030517578e-01 5.002888441085815430e-01 7.649509906768798828e-01
5.003929138183593750e-01 5.002799034118652344e-01 7.649828195571899414e-01
5.003822445869445801e-01 5.002726316452026367e-01 7.650098800659179688e-01
5.003733634948730469e-01 5.002666711807250977e-01 7.650327682495117188e-01
5.003661513328552246e-01 5.002614259719848633e-01 7.650516033172607422e-01
5.003591179847717285e-01 5.002566576004028320e-01 7.650680541992187500e-01
5.003539323806762695e-01 5.002529621124267578e-01 7.650818228721618652e-01
5.003509521484375000e-01 5.002509951591491699e-01 7.650928497314453125e-01
5.003469586372375488e-01 5.002481937408447266e-01 7.651023864746093750e-01
5.003434419631958008e-01 5.002458095550537109e-01 7.651105523109436035e-01
5.003403425216674805e-01 5.002436041831970215e-01 7.651174664497375488e-01
5.003843903541564941e-01 5.002753138542175293e-01 7.649973630905151367e-01
5.004281401634216309e-01 5.003064870834350586e-01 7.648833394050598145e-01
5.004186034202575684e-01 5.002988576889038086e-01 7.649136781692504883e-01
5.004044175148010254e-01 5.002884268760681152e-01 7.649515867233276367e-01
5.003922581672668457e-01 5.002799034118652344e-01 7.649829983711242676e-01
5.003819465637207031e-01 5.002727508544921875e-01 7.650097012519836426e-01
5.003729462623596191e-01 5.002664327621459961e-01 7.650330066680908203e-01
5.003654956817626953e-01 5.002613663673400879e-01 7.650519609451293945e-01
5.003591179847717285e-01 5.002567172050476074e-01 7.650682926177978516e-01
5.003538131713867188e-01 5.002530813217163086e-01 7.650820016860961914e-01
5.003501176834106445e-01 5.002505779266357422e-01 7.650931477546691895e-01
5.003464818000793457e-01 5.002479553222656250e-01 7.651029825210571289e-01
5.003432631492614746e-01 5.002452731132507324e-01 7.651109099388122559e-01
5.003406405448913574e-01 5.002432465553283691e-01 7.651181817054748535e-01
5.003846883773803711e-01 5.002750158309936523e-01 7.649978995323181152e-01
5.004283785820007324e-01 5.003060698509216309e-01 7.648840546607971191e-01
5.004190206527709961e-01 5.002986788749694824e-01 7.649146914482116699e-01
5.004049539566040039e-01 5.002883076667785645e-01 7.649519443511962891e-01
5.003929734230041504e-01 5.002795457839965820e-01 7.649838924407958984e-01
5.003825426101684570e-01 5.002720952033996582e-01 7.650106549263000488e-01
5.003737807273864746e-01 5.002657771110534668e-01 7.650329470634460449e-01
5.003665685653686523e-01 5.002602934837341309e-01 7.650523185729980469e-01
5.003594756126403809e-01 5.002553462982177734e-01 7.650690674781799316e-01
5.003543496131896973e-01 5.002518892288208008e-01 7.650824189186096191e-01
5.003508329391479492e-01 5.002498626708984375e-01 7.650938034057617188e-01
5.003464818000793457e-01 5.002468824386596680e-01 7.651034593582153320e-01
5.003901720046997070e-01 5.002784132957458496e-01 7.649835944175720215e-01
5.004346370697021484e-01 5.003098845481872559e-01 7.648697495460510254e-01
5.004239678382873535e-01 5.003018975257873535e-01 7.649024128913879395e-01
