4.293428063392639160e-01 4.511603340506553650e-02 4.161245822906494141e-01 6.285458803176879883e-03 9.212801456451416016e-01 2.598613314330577850e-02 3.879795670509338379e-01
4.287555515766143799e-01 4.668721556663513184e-02 4.146285355091094971e-01 5.711987148970365524e-03 9.225760698318481445e-01 2.717739343643188477e-02 3.848143815994262695e-01
4.275962412357330322e-01 4.935648664832115173e-02 4.119385480880737305e-01 4.629984498023986816e-03 9.252029061317443848e-01 2.898880653083324432e-02 3.783355057239532471e-01
4.260856509208679199e-01 5.224679782986640930e-02 4.087025821208953857e-01 3.407791489735245705e-03 9.284448027610778809e-01 3.078463487327098846e-02 3.701768219470977783e-01
4.243312776088714600e-01 5.511288344860076904e-02 4.051908850669860840e-01 2.174332272261381149e-03 9.319415092468261719e-01 3.242325782775878906e-02 3.611495196819305420e-01
4.223963916301727295e-01 5.790620297193527222e-02 4.015306830406188965e-01 9.668173152022063732e-04 9.355217814445495605e-01 3.388869389891624451e-02 3.516385257244110107e-01
4.203205704689025879e-01 6.063001602888107300e-02 3.977859616279602051e-01 -2.075063093798235059e-04 9.391032457351684570e-01 3.518902882933616638e-02 3.418285548686981201e-01
4.181292653083801270e-01 6.329715251922607422e-02 3.939876556396484375e-01 -1.349292928352952003e-03 9.426473379135131836e-01 3.632992506027221680e-02 3.318046331405639648e-01
4.158392548561096191e-01 6.591949611902236938e-02 3.901515901088714600e-01 -2.461514901369810104e-03 9.461351633071899414e-01 3.731113299727439880e-02 3.216055333614349365e-01
4.134609401226043701e-01 6.850623339414596558e-02 3.862868845462799072e-01 -3.544732462614774704e-03 9.495567083358764648e-01 3.812932968139648438e-02 3.112485408782958984e-01
4.110014438629150391e-01 7.106465101242065430e-02 3.824006617069244385e-01 -4.598095547407865524e-03 9.529048800468444824e-01 3.877934813499450684e-02 3.007445037364959717e-01
4.084645509719848633e-01 7.360176742076873779e-02 3.785000145435333252e-01 -5.618497263640165329e-03 9.561728239059448242e-01 3.925716876983642578e-02 2.901049256324768066e-01
4.058569669723510742e-01 7.612497359514236450e-02 3.746025264263153076e-01 -6.600283086299896240e-03 9.593502283096313477e-01 3.956082090735435486e-02 2.793536782264709473e-01
4.031792581081390381e-01 7.864142954349517822e-02 3.707192540168762207e-01 -7.535561919212341309e-03 9.624280333518981934e-01 3.969132527709007263e-02 2.685145735740661621e-01
4.004354774951934814e-01 8.115923404693603516e-02 3.668704330921173096e-01 -8.414730429649353027e-03 9.653952121734619141e-01 3.965219855308532715e-02 2.576218247413635254e-01
3.976283073425292969e-01 8.368646353483200073e-02 3.630767464637756348e-01 -9.227551519870758057e-03 9.682400822639465332e-01 3.944966197013854980e-02 2.467177808284759521e-01
3.947662413120269775e-01 8.623161911964416504e-02 3.593683242797851562e-01 -9.963518939912319183e-03 9.709500670433044434e-01 3.909238800406455994e-02 2.358569353818893433e-01
3.918552100658416748e-01 8.880202472209930420e-02 3.557698130607604980e-01 -1.061265170574188232e-02 9.735155701637268066e-01 3.859061002731323242e-02 2.250901907682418823e-01
3.889034390449523926e-01 9.140411764383316040e-02 3.523057103157043457e-01 -1.116665545850992203e-02 9.759289026260375977e-01 3.795623779296875000e-02 2.144699692726135254e-01
3.859193623065948486e-01 9.404283761978149414e-02 3.489984571933746338e-01 -1.161950826644897461e-02 9.781853556632995605e-01 3.720197081565856934e-02 2.040452063083648682e-01
3.829126358032226562e-01 9.672172367572784424e-02 3.458665609359741211e-01 -1.196781639009714127e-02 9.802827239036560059e-01 3.634163737297058105e-02 1.938605010509490967e-01
3.798921108245849609e-01 9.944286942481994629e-02 3.429258763790130615e-01 -1.221169531345367432e-02 9.822216629981994629e-01 3.538957238197326660e-02 1.839540898799896240e-01
3.768673837184906006e-01 1.022066324949264526e-01 3.401872515678405762e-01 -1.235397532582283020e-02 9.840050935745239258e-01 3.436031937599182129e-02 1.743579059839248657e-01
3.738476037979125977e-01 1.050124540925025940e-01 3.376589715480804443e-01 -1.240068674087524414e-02 9.856381416320800781e-01 3.326809406280517578e-02 1.650965809822082520e-01
3.708408176898956299e-01 1.078587472438812256e-01 3.353449106216430664e-01 -1.235968992114067078e-02 9.871273636817932129e-01 3.212755918502807617e-02 1.561878621578216553e-01
3.678542375564575195e-01 1.107424795627593994e-01 3.332455754280090332e-01 -1.224026549607515335e-02 9.884804487228393555e-01 3.095194697380065918e-02 1.476431638002395630e-01
3.648948073387145996e-01 1.136606186628341675e-01 3.313600420951843262e-01 -1.205307990312576294e-02 9.897059202194213867e-01 2.975421957671642303e-02 1.394688934087753296e-01
3.619683086872100830e-01 1.166097298264503479e-01 3.296847939491271973e-01 -1.180870272219181061e-02 9.908126592636108398e-01 2.854546532034873962e-02 1.316662877798080444e-01
3.590798377990722656e-01 1.195855587720870972e-01 3.282146453857421875e-01 -1.151699572801589966e-02 9.918096065521240234e-01 2.733603119850158691e-02 1.242330521345138550e-01
3.562338948249816895e-01 1.225844994187355042e-01 3.269430994987487793e-01 -1.118811964988708496e-02 9.927056431770324707e-01 2.613499946892261505e-02 1.171635165810585022e-01
3.534343838691711426e-01 1.256029307842254639e-01 3.258647024631500244e-01 -1.083081588149070740e-02 9.935093522071838379e-01 2.495020627975463867e-02 1.104505434632301331e-01
3.506844043731689453e-01 1.286373138427734375e-01 3.249711990356445312e-01 -1.045295968651771545e-02 9.942290782928466797e-01 2.378758788108825684e-02 1.040838509798049927e-01
3.479869365692138672e-01 1.316840946674346924e-01 3.242551684379577637e-01 -1.006128173321485519e-02 9.948725104331970215e-01 2.265208773314952850e-02 9.805251657962799072e-02
3.453437387943267822e-01 1.347403675317764282e-01 3.237084448337554932e-01 -9.661605581641197205e-03 9.954470992088317871e-01 2.154803276062011719e-02 9.234403818845748901e-02
3.427562117576599121e-01 1.378031820058822632e-01 3.233227729797363281e-01 -9.258656762540340424e-03 9.959595203399658203e-01 2.047842554748058319e-02 8.694557845592498779e-02
3.402252495288848877e-01 1.408701539039611816e-01 3.230897784233093262e-01 -8.856859989464282990e-03 9.964160323143005371e-01 1.944565586745738983e-02 8.184468746185302734e-02
3.377509117126464844e-01 1.439387798309326172e-01 3.229998946189880371e-01 -8.459160104393959045e-03 9.968222975730895996e-01 1.845121383666992188e-02 7.702811062335968018e-02
3.353326916694641113e-01 1.470071077346801758e-01 3.230436146259307861e-01 -8.068170398473739624e-03 9.971836209297180176e-01 1.749574951827526093e-02 7.248207926750183105e-02
3.329694271087646484e-01 1.500736176967620850e-01 3.232111930847167969e-01 -7.686210330575704575e-03 9.975047111511230469e-01 1.658004522323608398e-02 6.819409877061843872e-02
3.306595683097839355e-01 1.531361639499664307e-01 3.234931230545043945e-01 -7.314271759241819382e-03 9.977898597717285156e-01 1.570382528007030487e-02 6.415078788995742798e-02
3.284011483192443848e-01 1.561941057443618774e-01 3.238787651062011719e-01 -6.953703239560127258e-03 9.980429410934448242e-01 1.486688852310180664e-02 6.033979728817939758e-02
3.261921107769012451e-01 1.592463850975036621e-01 3.243584632873535156e-01 -6.605921313166618347e-03 9.982674717903137207e-01 1.406866218894720078e-02 5.674887448549270630e-02
3.240304291248321533e-01 1.622921526432037354e-01 3.249236643314361572e-01 -6.270950194448232651e-03 9.984666109085083008e-01 1.330834627151489258e-02 5.336711183190345764e-02
3.219139277935028076e-01 1.653309315443038940e-01 3.255639970302581787e-01 -5.949141923338174820e-03 9.986430406570434570e-01 1.258489489555358887e-02 5.018247663974761963e-02
3.198401629924774170e-01 1.683620959520339966e-01 3.262703120708465576e-01 -5.640359595417976379e-03 9.987994432449340820e-01 1.189711596816778183e-02 4.718365892767906189e-02
3.178081512451171875e-01 1.713857501745223999e-01 3.270353376865386963e-01 -5.345160607248544693e-03 9.989379644393920898e-01 1.124387979507446289e-02 4.436162859201431274e-02
3.158158361911773682e-01 1.744018197059631348e-01 3.278501629829406738e-01 -5.063246935606002808e-03 9.990606307983398438e-01 1.062422990798950195e-02 4.170591756701469421e-02
3.138617575168609619e-01 1.774097383022308350e-01 3.287062644958496094e-01 -4.793951287865638733e-03 9.991692304611206055e-01 1.003631949424743652e-02 3.920672461390495300e-02
3.119451403617858887e-01 1.804099828004837036e-01 3.295964300632476807e-01 -4.537967499345541000e-03 9.992653131484985352e-01 9.479104541242122650e-03 3.685569390654563904e-02
3.100652396678924561e-01 1.834024190902709961e-01 3.305138647556304932e-01 -4.294132348150014877e-03 9.993503689765930176e-01 8.951543830335140228e-03 3.464448824524879456e-02
3.082213699817657471e-01 1.863866448402404785e-01 3.314504921436309814e-01 -4.061954095959663391e-03 9.994256496429443359e-01 8.451878093183040619e-03 3.256427496671676636e-02
3.064142167568206787e-01 1.893631070852279663e-01 3.324002325534820557e-01 -3.842010395601391792e-03 9.994922280311584473e-01 7.979125715792179108e-03 3.060848079621791840e-02
3.046443164348602295e-01 1.923315227031707764e-01 3.333566188812255859e-01 -3.633121028542518616e-03 9.995511174201965332e-01 7.532089948654174805e-03 2.876945398747920990e-02
3.029125034809112549e-01 1.952913254499435425e-01 3.343116641044616699e-01 -3.434696001932024956e-03 9.996031522750854492e-01 7.109284400939941406e-03 2.703999355435371399e-02
3.012212514877319336e-01 1.982427984476089478e-01 3.352604508399963379e-01 -3.247551154345273972e-03 9.996491670608520508e-01 6.709874607622623444e-03 2.541518583893775940e-02
2.995725274085998535e-01 2.011852860450744629e-01 3.361955285072326660e-01 -3.070493461564183235e-03 9.996898770332336426e-01 6.332278251647949219e-03 2.388797514140605927e-02
2.979697883129119873e-01 2.041178047657012939e-01 3.371103107929229736e-01 -2.902847249060869217e-03 9.997258186340332031e-01 5.975514650344848633e-03 2.245250530540943146e-02
2.964166104793548584e-01 2.070395946502685547e-01 3.379989862442016602e-01 -2.744179219007492065e-03 9.997576475143432617e-01 5.638390779495239258e-03 2.110302820801734924e-02
2.949180305004119873e-01 2.099493891000747681e-01 3.388555347919464111e-01 -2.593762706965208054e-03 9.997857809066772461e-01 5.320191383361816406e-03 1.983438059687614441e-02
2.934793233871459961e-01 2.128456830978393555e-01 3.396745920181274414e-01 -2.450870815664529800e-03 9.998106360435485840e-01 5.019485950469970703e-03 1.864108070731163025e-02
2.921091020107269287e-01 2.157277464866638184e-01 3.404542803764343262e-01 -2.316523576155304909e-03 9.998326301574707031e-01 4.735469818115234375e-03 1.752015575766563416e-02
2.908168137073516846e-01 2.185939252376556396e-01 3.411907255649566650e-01 -2.189673949033021927e-03 9.998520612716674805e-01 4.467546939849853516e-03 1.646680012345314026e-02
2.896165251731872559e-01 2.214428931474685669e-01 3.418816626071929932e-01 -2.069979906082153320e-03 9.998692274093627930e-01 4.214823246002197266e-03 1.547643914818763733e-02
2.885252237319946289e-01 2.242737263441085815e-01 3.425273597240447998e-01 -1.957108266651630402e-03 9.998843669891357422e-01 3.976404201239347458e-03 1.454582996666431427e-02
2.875578403472900391e-01 2.270852029323577881e-01 3.431285023689270020e-01 -1.850586151704192162e-03 9.998977780342102051e-01 3.751247655600309372e-03 1.367148756980895996e-02
2.867183387279510498e-01 2.298761010169982910e-01 3.436858952045440674e-01 -1.751100528053939342e-03 9.999096393585205078e-01 3.539025550708174706e-03 1.285027060657739639e-02
2.859993278980255127e-01 2.326441109180450439e-01 3.441981375217437744e-01 -1.657140208408236504e-03 9.999201297760009766e-01 3.338545793667435646e-03 1.207860000431537628e-02
2.853899896144866943e-01 2.353883087635040283e-01 3.446641862392425537e-01 -1.569109270349144936e-03 9.999293684959411621e-01 3.149211406707763672e-03 1.135365758091211319e-02
2.848793864250183105e-01 2.381076365709304810e-01 3.450843691825866699e-01 -1.486373716033995152e-03 9.999375343322753906e-01 2.970874775201082230e-03 1.067219767719507217e-02
2.844587564468383789e-01 2.408019304275512695e-01 3.454602360725402832e-01 -1.409614109434187412e-03 9.999447464942932129e-01 2.802520757541060448e-03 1.003196462988853455e-02
2.841199934482574463e-01 2.434696555137634277e-01 3.457915782928466797e-01 -1.336873508989810944e-03 9.999511837959289551e-01 2.643465995788574219e-03 9.429106488823890686e-03
2.838567495346069336e-01 2.461116611957550049e-01 3.460822105407714844e-01 -1.269347732886672020e-03 9.999568462371826172e-01 2.492994070053100586e-03 8.862204849720001221e-03
2.836639583110809326e-01 2.487299740314483643e-01 3.463380932807922363e-01 -1.208559959195554256e-03 9.999617934226989746e-01 2.352237468585371971e-03 8.332819677889347076e-03
2.835333049297332764e-01 2.513207495212554932e-01 3.465549945831298828e-01 -1.149917370639741421e-03 9.999662041664123535e-01 2.218604087829589844e-03 7.833105511963367462e-03
2.834605276584625244e-01 2.538861036300659180e-01 3.467387557029724121e-01 -1.095268526114523411e-03 9.999700784683227539e-01 2.092659240588545799e-03 7.363923825323581696e-03
2.834402918815612793e-01 2.564260065555572510e-01 3.468923568725585938e-01 -1.043985830619931221e-03 9.999735355377197266e-01 1.974016427993774414e-03 6.923403590917587280e-03
2.834673225879669189e-01 2.589395642280578613e-01 3.470159769058227539e-01 -9.952893014997243881e-04 9.999765753746032715e-01 1.862198114395141602e-03 6.508881226181983948e-03
2.835379540920257568e-01 2.614272832870483398e-01 3.471140861511230469e-01 -9.500693995505571365e-04 9.999792575836181641e-01 1.756489276885986328e-03 6.120106205344200134e-03
2.836478650569915771e-01 2.638887465000152588e-01 3.471882343292236328e-01 -9.077445720322430134e-04 9.999816417694091797e-01 1.656741020269691944e-03 5.754866637289524078e-03
2.837924957275390625e-01 2.663235664367675781e-01 3.472393751144409180e-01 -8.673986303620040417e-04 9.999837875366210938e-01 1.562833669595420361e-03 5.411544814705848694e-03
2.839692234992980957e-01 2.687315940856933594e-01 3.472703099250793457e-01 -8.294941508211195469e-04 9.999856352806091309e-01 1.473963144235312939e-03 5.089467857033014297e-03
2.841746509075164795e-01 2.711120843887329102e-01 3.472823798656463623e-01 -7.939531933516263962e-04 9.999872446060180664e-01 1.390039920806884766e-03 4.786313045769929886e-03
2.844059169292449951e-01 2.734651863574981689e-01 3.472771048545837402e-01 -7.600744138471782207e-04 9.999887347221374512e-01 1.310706138610839844e-03 4.501420538872480392e-03
2.846610248088836670e-01 2.757911384105682373e-01 3.472557365894317627e-01 -7.281318539753556252e-04 9.999899864196777344e-01 1.235991716384887695e-03 4.233714658766984940e-03
2.849380970001220703e-01 2.780899107456207275e-01 3.472196161746978760e-01 -6.983313942328095436e-04 9.999911189079284668e-01 1.165628433227539062e-03 3.982663620263338089e-03
2.852350175380706787e-01 2.803614735603332520e-01 3.471687436103820801e-01 -6.698140059597790241e-04 9.999921321868896484e-01 1.098930835723876953e-03 3.746232250705361366e-03
2.855511605739593506e-01 2.826071679592132568e-01 3.471046984195709229e-01 -6.431021611206233501e-04 9.999930262565612793e-01 1.035720109939575195e-03 3.524443833157420158e-03
2.858856320381164551e-01 2.848279774188995361e-01 3.470279574394226074e-01 -6.183100631460547447e-04 9.999938607215881348e-01 9.760259999893605709e-04 3.316789167001843452e-03
2.862376272678375244e-01 2.870247960090637207e-01 3.469389379024505615e-01 -5.948026082478463650e-04 9.999945163726806641e-01 9.196996106766164303e-04 3.121432149782776833e-03
2.866062819957733154e-01 2.891985774040222168e-01 3.468375205993652344e-01 -5.727229290641844273e-04 9.999951720237731934e-01 8.664726046845316887e-04 2.938030054792761803e-03
2.869912385940551758e-01 2.913503348827362061e-01 3.467242717742919922e-01 -5.519686965271830559e-04 9.999957084655761719e-01 8.164346218109130859e-04 2.766088116914033890e-03
2.873914539813995361e-01 2.934797108173370361e-01 3.465992510318756104e-01 -5.320775089785456657e-04 9.999961853027343750e-01 7.686913013458251953e-04 2.603704808279871941e-03
2.878060936927795410e-01 2.955866456031799316e-01 3.464636206626892090e-01 -5.138280102983117104e-04 9.999966025352478027e-01 7.233321084640920162e-04 2.452154643833637238e-03
2.882328629493713379e-01 2.976692914962768555e-01 3.463184833526611328e-01 -4.964177496731281281e-04 9.999969601631164551e-01 6.805062294006347656e-04 2.309734933078289032e-03
2.886695563793182373e-01 2.997243702411651611e-01 3.461642563343048096e-01 -4.796636931132525206e-04 9.999973177909851074e-01 6.397067918442189693e-04 2.175231464207172394e-03
2.891141474246978760e-01 3.017497062683105469e-01 3.460043668746948242e-01 -4.648581962101161480e-04 9.999976158142089844e-01 6.013810052536427975e-04 2.050333656370639801e-03
2.895631492137908936e-01 3.037403821945190430e-01 3.458389043807983398e-01 -4.504553508013486862e-04 9.999978542327880859e-01 5.652009858749806881e-04 1.932933344505727291e-03
2.900131940841674805e-01 3.056918978691101074e-01 3.456698954105377197e-01 -4.361603350844234228e-04 9.999980926513671875e-01 5.303918733261525631e-04 1.821327256038784981e-03
2.904618978500366211e-01 3.076000511646270752e-01 3.454976677894592285e-01 -4.223489086143672466e-04 9.999983310699462891e-01 4.971324815414845943e-04 1.716010388918220997e-03
2.909070849418640137e-01 3.094615638256072998e-01 3.453264832496643066e-01 -4.100676160305738449e-04 9.999985098838806152e-01 4.656016535591334105e-04 1.618779147975146770e-03
2.913460731506347656e-01 3.112727701663970947e-01 3.451560437679290771e-01 -3.982850757893174887e-04 9.999986290931701660e-01 4.359185986686497927e-04 1.527721993625164032e-03
2.917766571044921875e-01 3.130304217338562012e-01 3.449871838092803955e-01 -3.865845792461186647e-04 9.999988079071044922e-01 4.073678865097463131e-04 1.441061613149940968e-03
2.921973168849945068e-01 3.147324919700622559e-01 3.448198735713958740e-01 -3.757111262530088425e-04 9.999989271163940430e-01 3.803968720603734255e-04 1.360445283353328705e-03
2.926067411899566650e-01 3.163764178752899170e-01 3.446488976478576660e-01 -3.647282137535512447e-04 9.999990463256835938e-01 3.547668457031250000e-04 1.284493482671678066e-03
2.930040657520294189e-01 3.179610073566436768e-01 3.444685041904449463e-01 -3.545322397258132696e-04 9.999991655349731445e-01 3.298223018646240234e-04 1.213456154800951481e-03
2.933882176876068115e-01 3.194847702980041504e-01 3.442727327346801758e-01 -3.445291949901729822e-04 9.999992251396179199e-01 3.057121939491480589e-04 1.146450405940413475e-03
2.937584221363067627e-01 3.209477663040161133e-01 3.440541028976440430e-01 -3.349237958900630474e-04 9.999993443489074707e-01 2.834200568031519651e-04 1.084052724763751030e-03
2.941145002841949463e-01 3.223485946655273438e-01 3.438064157962799072e-01 -3.259922959841787815e-04 9.999994039535522461e-01 2.616047859191894531e-04 1.025168341584503651e-03
2.944558560848236084e-01 3.236872553825378418e-01 3.435222506523132324e-01 -3.168214461766183376e-04 9.999994635581970215e-01 2.408921573078259826e-04 9.702490642666816711e-04
2.947821915149688721e-01 3.249635100364685059e-01 3.431954085826873779e-01 -3.079520829487591982e-04 9.999995231628417969e-01 2.208948135375976562e-04 9.183014626614749432e-04
2.950932979583740234e-01 3.261774182319641113e-01 3.428204655647277832e-01 -2.991952933371067047e-04 9.999995827674865723e-01 2.014636847889050841e-04 8.692552219144999981e-04
2.953894734382629395e-01 3.273293972015380859e-01 3.423916697502136230e-01 -2.907069574575871229e-04 9.999995827674865723e-01 1.829266548156738281e-04 8.230460225604474545e-04
2.956703901290893555e-01 3.284201025962829590e-01 3.419045507907867432e-01 -2.829377772286534309e-04 9.999996423721313477e-01 1.649856567382812500e-04 7.800461607985198498e-04
2.959361970424652100e-01 3.294500112533569336e-01 3.413547873497009277e-01 -2.753442677203565836e-04 9.999997019767761230e-01 1.479089114582166076e-04 7.399897440336644650e-04
2.961871027946472168e-01 3.304199874401092529e-01 3.407388329505920410e-01 -2.683178172446787357e-04 9.999997019767761230e-01 1.316368579864501953e-04 7.024586084298789501e-04
2.964230477809906006e-01 3.313308060169219971e-01 3.400532901287078857e-01 -2.611500676721334457e-04 9.999997615814208984e-01 1.154541969299316406e-04 6.669818540103733540e-04
2.966443002223968506e-01 3.321841359138488770e-01 3.392963707447052002e-01 -2.544720191508531570e-04 9.999997615814208984e-01 1.003146244329400361e-04 6.335546495392918587e-04
2.968513965606689453e-01 3.329815268516540527e-01 3.384665846824645996e-01 -2.480463008396327496e-04 9.999997615814208984e-01 8.529424667358398438e-05 6.021271692588925362e-04
2.970446646213531494e-01 3.337246179580688477e-01 3.375625610351562500e-01 -2.411811437923461199e-04 9.999998211860656738e-01 7.078051567077636719e-05 5.723644280806183815e-04
2.972247302532196045e-01 3.344164490699768066e-01 3.365850150585174561e-01 -2.351410221308469772e-04 9.999998211860656738e-01 5.686282747774384916e-05 5.447174771688878536e-04
2.973921298980712891e-01 3.350587487220764160e-01 3.355334997177124023e-01 -2.291484124725684524e-04 9.999998211860656738e-01 4.318356150179170072e-05 5.183968460187315941e-04
2.975470423698425293e-01 3.356541991233825684e-01 3.344082236289978027e-01 -2.228230005130171776e-04 9.999998807907104492e-01 3.001094046339858323e-05 4.932687734253704548e-04
2.976907491683959961e-01 3.362056016921997070e-01 3.332104980945587158e-01 -2.167233760701492429e-04 9.999998807907104492e-01 1.668930053710937500e-05 4.694843955803662539e-04
2.978232800960540771e-01 3.367152810096740723e-01 3.319412469863891602e-01 -2.106502652168273926e-04 9.999998807907104492e-01 4.321336291468469426e-06 4.471544816624373198e-04
2.979457974433898926e-01 3.371863365173339844e-01 3.306013941764831543e-01 -2.053503267234191298e-04 9.999998807907104492e-01 -7.957219168019946665e-06 4.262093279976397753e-04
2.980586886405944824e-01 3.376204967498779297e-01 3.291926383972167969e-01 -2.000380773097276688e-04 9.999998807907104492e-01 -2.008676347031723708e-05 4.065009998157620430e-04
2.981621026992797852e-01 3.380203843116760254e-01 3.277162909507751465e-01 -1.946518750628456473e-04 9.999998807907104492e-01 -3.188848495483398438e-05 3.878668649122118950e-04
2.982565462589263916e-01 3.383877873420715332e-01 3.261733651161193848e-01 -1.896772591862827539e-04 9.999999403953552246e-01 -4.312395685701631010e-05 3.698547952808439732e-04
2.983424365520477295e-01 3.387244343757629395e-01 3.245657086372375488e-01 -1.846048398874700069e-04 9.999999403953552246e-01 -5.447864532470703125e-05 3.527216031216084957e-04
2.984203100204467773e-01 3.390325009822845459e-01 3.228963911533355713e-01 -1.801792968763038516e-04 9.999999403953552246e-01 -6.508826481876894832e-05 3.368886245880275965e-04
2.984902262687683105e-01 3.393124341964721680e-01 3.211663067340850830e-01 -1.756435958668589592e-04 9.999999403953552246e-01 -7.647275924682617188e-05 3.218084166292101145e-04
2.985516786575317383e-01 3.395659327507019043e-01 3.193784654140472412e-01 -1.719062856864184141e-04 9.999999403953552246e-01 -8.744001388549804688e-05 3.072927065659314394e-04
2.986053228378295898e-01 3.397928774356842041e-01 3.175343871116638184e-01 -1.671495847404003143e-04 9.999999403953552246e-01 -9.775161015568301082e-05 2.934272924903780222e-04
2.986507117748260498e-01 3.399942517280578613e-01 3.156377673149108887e-01 -1.634856016607955098e-04 9.999999403953552246e-01 -1.086294578271917999e-04 2.802726812660694122e-04
2.986874878406524658e-01 3.401699364185333252e-01 3.136906325817108154e-01 -1.599695387994870543e-04 9.999999403953552246e-01 -1.188218520837835968e-04 2.676953736227005720e-04
2.987157106399536133e-01 3.403198421001434326e-01 3.116972446441650391e-01 -1.571394386701285839e-04 9.999999403953552246e-01 -1.296997070312500000e-04 2.561683941166847944e-04
2.987340986728668213e-01 3.404430449008941650e-01 3.096597194671630859e-01 -1.537806383566930890e-04 9.999999403953552246e-01 -1.393556449329480529e-04 2.445352729409933090e-04
2.987430095672607422e-01 3.405393958091735840e-01 3.075825572013854980e-01 -1.511626905994489789e-04 9.999999403953552246e-01 -1.499652862548828125e-04 2.338783815503120422e-04
2.987414002418518066e-01 3.406081199645996094e-01 3.054693043231964111e-01 -1.491434813942760229e-04 9.999999403953552246e-01 -1.609027531230822206e-04 2.237033477285876870e-04
2.987287640571594238e-01 3.406476676464080811e-01 3.033236563205718994e-01 -1.465941022615879774e-04 9.999999403953552246e-01 -1.716613624012097716e-04 2.137764677172526717e-04
2.987048029899597168e-01 3.406581282615661621e-01 3.011486232280731201e-01 -1.443157525500282645e-04 9.999999403953552246e-01 -1.821518089855089784e-04 2.040908875642344356e-04
2.986690700054168701e-01 3.406383991241455078e-01 2.989472746849060059e-01 -1.415582373738288879e-04 9.999999403953552246e-01 -1.934468600666150451e-04 1.946664851857349277e-04
2.986220419406890869e-01 3.405890464782714844e-01 2.967236042022705078e-01 -1.395034050801768899e-04 9.999999403953552246e-01 -2.047717425739392638e-04 1.858234900282695889e-04
2.985630035400390625e-01 3.405098021030426025e-01 2.944788932800292969e-01 -1.373428967781364918e-04 9.999999403953552246e-01 -2.155005931854248047e-04 1.771383103914558887e-04
2.984927892684936523e-01 3.404018282890319824e-01 2.922158241271972656e-01 -1.356481225229799747e-04 9.999999403953552246e-01 -2.273619029438123107e-04 1.686137838987633586e-04
2.984117865562438965e-01 3.402663171291351318e-01 2.899357378482818604e-01 -1.349862723145633936e-04 9.999999403953552246e-01 -2.388059947406873107e-04 1.612751948414370418e-04
2.983197271823883057e-01 3.401031196117401123e-01 2.876383364200592041e-01 -1.330519880866631866e-04 9.999999403953552246e-01 -2.505481243133544922e-04 1.533288741484284401e-04
2.982174158096313477e-01 3.399141430854797363e-01 2.853241860866546631e-01 -1.316519483225420117e-04 9.999999403953552246e-01 -2.624690532684326172e-04 1.457086909795179963e-04
2.981053888797760010e-01 3.397004008293151855e-01 2.829951047897338867e-01 -1.304966717725619674e-04 9.999999403953552246e-01 -2.743899822235107422e-04 1.381011970806866884e-04
2.979836165904998779e-01 3.394629657268524170e-01 2.806504666805267334e-01 -1.290855143452063203e-04 9.999999403953552246e-01 -2.866089052986353636e-04 1.303715689573436975e-04
2.978528141975402832e-01 3.392028212547302246e-01 2.782922387123107910e-01 -1.283945457544177771e-04 9.999999403953552246e-01 -2.988278574775904417e-04 1.236096140928566456e-04
2.977127730846405029e-01 3.389199674129486084e-01 2.759197354316711426e-01 -1.277105475310236216e-04 9.999999403953552246e-01 -3.109872050117701292e-04 1.163827837444841862e-04
2.975639104843139648e-01 3.386152982711791992e-01 2.735349237918853760e-01 -1.273144589504227042e-04 9.999999403953552246e-01 -3.235041804146021605e-04 1.094929830287583172e-04
2.974057793617248535e-01 3.382881879806518555e-01 2.711378633975982666e-01 -1.268673950107768178e-04 9.999999403953552246e-01 -3.358423418831080198e-04 1.023562435875646770e-04
2.972386479377746582e-01 3.379390537738800049e-01 2.687298655509948730e-01 -1.266237813979387283e-04 9.999999403953552246e-01 -3.481507301330566406e-04 9.521507308818399906e-05
2.970620393753051758e-01 3.375671207904815674e-01 2.663120329380035400e-01 -1.261823927052319050e-04 9.999999403953552246e-01 -3.604590892791748047e-04 8.750004053581506014e-05
2.968760132789611816e-01 3.371725380420684814e-01 2.638853490352630615e-01 -1.256930263480171561e-04 9.999999403953552246e-01 -3.719032101798802614e-04 7.986192213138565421e-05
2.966808974742889404e-01 3.367549777030944824e-01 2.614517807960510254e-01 -1.256594114238396287e-04 9.999999403953552246e-01 -3.837048716377466917e-04 7.229160110000520945e-05
2.964763343334197998e-01 3.363144993782043457e-01 2.590119242668151855e-01 -1.260188291780650616e-04 9.999999403953552246e-01 -3.947913355659693480e-04 6.494054832728579640e-05
2.962619662284851074e-01 3.358502388000488281e-01 2.565675973892211914e-01 -1.262542500626295805e-04 9.999998807907104492e-01 -4.053712182212620974e-04 5.720748231397010386e-05
2.960379719734191895e-01 3.353624343872070312e-01 2.541191875934600830e-01 -1.263627054868265986e-04 9.999998807907104492e-01 -4.152655310463160276e-04 4.876859384239651263e-05
2.958046495914459229e-01 3.348512351512908936e-01 2.516685128211975098e-01 -1.279763964703306556e-04 9.999998807907104492e-01 -4.239678673911839724e-04 4.181610347586683929e-05
2.955609261989593506e-01 3.343154489994049072e-01 2.492150813341140747e-01 -1.286013721255585551e-04 9.999998807907104492e-01 -4.320144653320312500e-04 3.345408185850828886e-05
2.953077554702758789e-01 3.337565958499908447e-01 2.467613518238067627e-01 -1.295252877753227949e-04 9.999998807907104492e-01 -4.386901855468750000e-04 2.497394598321989179e-05
2.950442433357238770e-01 3.331736624240875244e-01 2.443066388368606567e-01 -1.297990529565140605e-04 9.999998807907104492e-01 -4.442036151885986328e-04 1.557129689899738878e-05
2.947715222835540771e-01 3.325685262680053711e-01 2.418537139892578125e-01 -1.310715160798281431e-04 9.999998807907104492e-01 -4.478692426346242428e-04 6.872635822219308466e-06
2.944896817207336426e-01 3.319418728351593018e-01 2.394029349088668823e-01 -1.338243891950696707e-04 9.999998807907104492e-01 -4.496872134041041136e-04 -4.547655407804995775e-07
2.941971421241760254e-01 3.312931358814239502e-01 2.369533777236938477e-01 -1.340466260444372892e-04 9.999998807907104492e-01 -4.495978355407714844e-04 -1.119326043408364058e-05
2.938954532146453857e-01 3.306244015693664551e-01 2.345072180032730103e-01 -1.361175527563318610e-04 9.999998807907104492e-01 -4.467368416953831911e-04 -2.012569893850013614e-05
2.935850024223327637e-01 3.299377560615539551e-01 2.320661693811416626e-01 -1.382659393129870296e-04 9.999998807907104492e-01 -4.411638365127146244e-04 -2.928411413449794054e-05
2.932637929916381836e-01 3.292323946952819824e-01 2.296281009912490845e-01 -1.389916869811713696e-04 9.999998807907104492e-01 -4.326999187469482422e-04 -4.125759369344450533e-05
2.929341793060302734e-01 3.285120129585266113e-01 2.271966338157653809e-01 -1.406066876370459795e-04 9.999998807907104492e-01 -4.208683967590332031e-04 -5.251595939625985920e-05
2.925956547260284424e-01 3.277782201766967773e-01 2.247720509767532349e-01 -1.431731943739578128e-04 9.999998807907104492e-01 -4.051923460792750120e-04 -6.317051884252578020e-05
2.922489941120147705e-01 3.270336389541625977e-01 2.223565131425857544e-01 -1.468270784243941307e-04 9.999999403953552246e-01 -3.853738016914576292e-04 -7.347144128289073706e-05
2.918934524059295654e-01 3.262794613838195801e-01 2.199494540691375732e-01 -1.512535091023892164e-04 9.999999403953552246e-01 -3.606677055358886719e-04 -8.324271766468882561e-05
2.915274500846862793e-01 3.255162835121154785e-01 2.175496220588684082e-01 -1.536811178084462881e-04 9.999999403953552246e-01 -3.313422203063964844e-04 -9.589832188794389367e-05
2.911528348922729492e-01 3.247483670711517334e-01 2.151607722043991089e-01 -1.561503158882260323e-04 9.999999403953552246e-01 -2.965331077575683594e-04 -1.092383245122618973e-04
2.907697856426239014e-01 3.239781558513641357e-01 2.127844542264938354e-01 -1.595092326169833541e-04 9.999999403953552246e-01 -2.558827400207519531e-04 -1.224678853759542108e-04
2.903783321380615234e-01 3.232085108757019043e-01 2.104213535785675049e-01 -1.631517952773720026e-04 9.999999403953552246e-01 -2.086162421619519591e-04 -1.362654147669672966e-04
2.899785935878753662e-01 3.224414885044097900e-01 2.080727815628051758e-01 -1.667774049565196037e-04 9.999999403953552246e-01 -1.541376113891601562e-04 -1.504893152741715312e-04
2.895711958408355713e-01 3.216808736324310303e-01 2.057414054870605469e-01 -1.713277160888537765e-04 9.999999403953552246e-01 -9.196994506055489182e-05 -1.648624020162969828e-04
2.891558110713958740e-01 3.209287226200103760e-01 2.034275680780410767e-01 -1.758824364515021443e-04 9.999999403953552246e-01 -2.166628655686508864e-05 -1.801611360860988498e-04
2.887336015701293945e-01 3.201883137226104736e-01 2.011332809925079346e-01 -1.811941037885844707e-04 9.999999403953552246e-01 5.787610643892548978e-05 -1.952431048266589642e-04
2.883043885231018066e-01 3.194625377655029297e-01 1.988606750965118408e-01 -1.871708664111793041e-04 9.999999403953552246e-01 1.473724696552380919e-04 -2.107430918840691447e-04
2.878687679767608643e-01 3.187535107135772705e-01 1.966109573841094971e-01 -1.930730650201439857e-04 9.999999403953552246e-01 2.471208281349390745e-04 -2.268223761348053813e-04
2.874274849891662598e-01 3.180648386478424072e-01 1.943863183259963989e-01 -1.999564119614660740e-04 9.999998807907104492e-01 3.584325313568115234e-04 -2.429145679343491793e-04
2.869813442230224609e-01 3.173992633819580078e-01 1.921887099742889404e-01 -2.074802177958190441e-04 9.999998211860656738e-01 4.817843728233128786e-04 -2.588786301203072071e-04
2.865311503410339355e-01 3.167593479156494141e-01 1.900200843811035156e-01 -2.155755064450204372e-04 9.999997615814208984e-01 6.180106429383158684e-04 -2.750736312009394169e-04
2.860777974128723145e-01 3.161477446556091309e-01 1.878818571567535400e-01 -2.240946050733327866e-04 9.999996423721313477e-01 7.677376270294189453e-04 -2.914157521445304155e-04
2.856221199035644531e-01 3.155677318572998047e-01 1.857766062021255493e-01 -2.331733121536672115e-04 9.999994635581970215e-01 9.328722371719777584e-04 -3.079211746808141470e-04
2.851653397083282471e-01 3.150214254856109619e-01 1.837056875228881836e-01 -2.426703140372410417e-04 9.999992847442626953e-01 1.113265636377036572e-03 -3.244630352128297091e-04
2.847089469432830811e-01 3.145118355751037598e-01 1.816711425781250000e-01 -2.526128664612770081e-04 9.999990463256835938e-01 1.310586929321289062e-03 -3.408929333090782166e-04
2.842538952827453613e-01 3.140423595905303955e-01 1.796755343675613403e-01 -2.634193806443363428e-04 9.999987483024597168e-01 1.526325708255171776e-03 -3.569165419321507215e-04
2.838016152381896973e-01 3.136142194271087646e-01 1.777192354202270508e-01 -2.741651260294020176e-04 9.999983310699462891e-01 1.760720973834395409e-03 -3.729491436388343573e-04
2.833536863327026367e-01 3.132310807704925537e-01 1.758045852184295654e-01 -2.855208003893494606e-04 9.999978542327880859e-01 2.015352249145507812e-03 -3.883905592374503613e-04
2.829117178916931152e-01 3.128948509693145752e-01 1.739330738782882690e-01 -2.972283109556883574e-04 9.999972581863403320e-01 2.290576696395874023e-03 -4.032990837004035711e-04
2.824768126010894775e-01 3.126077055931091309e-01 1.721054315567016602e-01 -3.087304648943245411e-04 9.999965429306030273e-01 2.587795257568359375e-03 -4.182764678262174129e-04
2.820513248443603516e-01 3.123720884323120117e-01 1.703230440616607666e-01 -3.204797103535383940e-04 9.999956488609313965e-01 2.907067537307739258e-03 -4.324095789343118668e-04
2.816372811794281006e-01 3.121897578239440918e-01 1.685866713523864746e-01 -3.325759607832878828e-04 9.999945759773254395e-01 3.248333698138594627e-03 -4.456086608115583658e-04
2.812363505363464355e-01 3.120622634887695312e-01 1.668966710567474365e-01 -3.445674374233931303e-04 9.999933242797851562e-01 3.611922496929764748e-03 -4.579318629112094641e-04
2.808510065078735352e-01 3.119903802871704102e-01 1.652530729770660400e-01 -3.565195947885513306e-04 9.999918341636657715e-01 3.996431361883878708e-03 -4.693035734817385674e-04
2.810052931308746338e-01 3.117734491825103760e-01 1.649414598941802979e-01 -3.651759179774671793e-04 9.999929666519165039e-01 3.705590497702360153e-03 -4.671695351134985685e-04
2.812743484973907471e-01 3.039035201072692871e-01 1.648778021335601807e-01 -3.673375758808106184e-04 9.999942183494567871e-01 3.348856931552290916e-03 -4.650484188459813595e-04
2.814974188804626465e-01 2.960723936557769775e-01 1.648622006177902222e-01 -3.697101783473044634e-04 9.999951720237731934e-01 3.058761125430464745e-03 -4.618398379534482956e-04
2.816519737243652344e-01 2.883007228374481201e-01 1.648550182580947876e-01 -3.705307608470320702e-04 9.999957084655761719e-01 2.872735261917114258e-03 -4.602580447681248188e-04
2.817351222038269043e-01 2.805941104888916016e-01 1.648491024971008301e-01 -3.702224057633429766e-04 9.999958872795104980e-01 2.802580362185835838e-03 -4.602728586178272963e-04
2.817524373531341553e-01 2.729538381099700928e-01 1.648432612419128418e-01 -3.703230177052319050e-04 9.999957680702209473e-01 2.849608426913619041e-03 -4.603601410053670406e-04
2.816768586635589600e-01 2.713693976402282715e-01 1.648412942886352539e-01 -3.688410797622054815e-04 9.999952912330627441e-01 3.005415201187133789e-03 -4.625062574632465839e-04
2.815412580966949463e-01 2.715094685554504395e-01 1.648404002189636230e-01 -3.683282411657273769e-04 9.999945163726806641e-01 3.254115115851163864e-03 -4.637993115466088057e-04
2.813661992549896240e-01 2.716901302337646484e-01 1.648393571376800537e-01 -3.676905180327594280e-04 9.999934434890747070e-01 3.575652372092008591e-03 -4.656279343180358410e-04
2.811648249626159668e-01 2.718978226184844971e-01 1.648381352424621582e-01 -3.673677565529942513e-04 9.999920725822448730e-01 3.944634925574064255e-03 -4.676326352637261152e-04
2.809524238109588623e-01 2.721165716648101807e-01 1.648368537425994873e-01 -3.667823330033570528e-04 9.999904036521911621e-01 4.334181547164916992e-03 -4.696654214058071375e-04
2.807437479496002197e-01 2.723310589790344238e-01 1.648355275392532349e-01 -3.663208335638046265e-04 9.999886751174926758e-01 4.716187715530395508e-03 -4.716468683909624815e-04
2.800928950309753418e-01 2.727426588535308838e-01 1.636115759611129761e-01 -3.747387963812798262e-04 9.999830126762390137e-01 5.798459053039550781e-03 -4.826438089367002249e-04
2.794274687767028809e-01 2.732742726802825928e-01 1.622271239757537842e-01 -3.821796854026615620e-04 9.999752640724182129e-01 7.002741564065217972e-03 -4.944164538756012917e-04
2.789128720760345459e-01 2.740615010261535645e-01 1.608927845954895020e-01 -3.892676031682640314e-04 9.999663233757019043e-01 8.185207843780517578e-03 -5.017546936869621277e-04
2.787381708621978760e-01 2.753352820873260498e-01 1.597389876842498779e-01 -3.967398079112172127e-04 9.999567270278930664e-01 9.278059005737304688e-03 -5.029336898587644100e-04
2.790915369987487793e-01 2.769335508346557617e-01 1.593142151832580566e-01 -4.014208971057087183e-04 9.999501109123229980e-01 9.967148303985595703e-03 -4.953496973030269146e-04
2.799144983291625977e-01 2.784023284912109375e-01 1.599845141172409058e-01 -3.857569827232509851e-04 9.999499320983886719e-01 9.989351034164428711e-03 -4.659832920879125595e-04
2.810311615467071533e-01 2.795034348964691162e-01 1.617219895124435425e-01 -3.676386259030550718e-04 9.999553561210632324e-01 9.431183338165283203e-03 -4.280046268831938505e-04
2.823465764522552490e-01 2.804679274559020996e-01 1.641227900981903076e-01 -3.515851276461035013e-04 9.999611377716064453e-01 8.798002265393733978e-03 -3.848480700980871916e-04
2.838037312030792236e-01 2.814455032348632812e-01 1.669281870126724243e-01 -3.262373502366244793e-04 9.999642968177795410e-01 8.436799049377441406e-03 -3.288319567218422890e-04
2.853182554244995117e-01 2.824470698833465576e-01 1.699967086315155029e-01 -2.997895353473722935e-04 9.999647140502929688e-01 8.388966321945190430e-03 -2.584005997050553560e-04
2.868089377880096436e-01 2.834320664405822754e-01 1.732222139835357666e-01 -2.738430630415678024e-04 9.999632835388183594e-01 8.561997674405574799e-03 -1.800680620362982154e-04
2.882237732410430908e-01 2.843707501888275146e-01 1.765302717685699463e-01 -2.506549935787916183e-04 9.999606609344482422e-01 8.866339921951293945e-03 -1.053187152137979865e-04
2.895236313343048096e-01 2.852054834365844727e-01 1.799094229936599731e-01 -2.289238182129338384e-04 9.999578595161437988e-01 9.179233573377132416e-03 -4.043359149363823235e-05
2.906155586242675781e-01 2.857500314712524414e-01 1.834227293729782104e-01 -1.978620275622233748e-04 9.999567270278930664e-01 9.298026561737060547e-03 2.655436583154369146e-05
2.911831140518188477e-01 2.855737209320068359e-01 1.868837475776672363e-01 -2.359906829951796681e-05 9.999578595161437988e-01 9.179383516311645508e-03 1.836284791352227330e-04
2.910243272781372070e-01 2.843822538852691650e-01 1.899970471858978271e-01 1.293719513341784477e-03 9.999526143074035645e-01 9.636848233640193939e-03 5.264215287752449512e-04
2.901175320148468018e-01 2.822651863098144531e-01 1.922840774059295654e-01 4.060597624629735947e-03 9.999318122863769531e-01 1.094228029251098633e-02 3.185610985383391380e-04
2.886509895324707031e-01 2.794640064239501953e-01 1.936388313770294189e-01 7.773038465529680252e-03 9.998892545700073242e-01 1.266807224601507187e-02 -7.408316596411168575e-04
2.869096100330352783e-01 2.761680185794830322e-01 1.942990720272064209e-01 1.194325741380453110e-02 9.998221397399902344e-01 1.439004950225353241e-02 -2.454725326970219612e-03
2.850976884365081787e-01 2.725026011466979980e-01 1.945165693759918213e-01 1.628984883427619934e-02 9.997304677963256836e-01 1.589298248291015625e-02 -4.591801203787326813e-03
2.833287417888641357e-01 2.685569822788238525e-01 1.944781243801116943e-01 2.066387422382831573e-02 9.996159076690673828e-01 1.709711551666259766e-02 -6.984706502407789230e-03
2.816540002822875977e-01 2.644012570381164551e-01 1.943109482526779175e-01 2.498860098421573639e-02 9.994803667068481445e-01 1.799860596656799316e-02 -9.522125124931335449e-03
2.800859808921813965e-01 2.600923478603363037e-01 1.940945386886596680e-01 2.922682091593742371e-02 9.993254542350769043e-01 1.863250136375427246e-02 -1.213748473674058914e-02
2.786184549331665039e-01 2.556760013103485107e-01 1.938731819391250610e-01 3.336015343666076660e-02 9.991523623466491699e-01 1.904457993805408478e-02 -1.479726936668157578e-02
2.772358655929565430e-01 2.511836588382720947e-01 1.936649382114410400e-01 3.738361224532127380e-02 9.989619255065917969e-01 1.927819661796092987e-02 -1.749017275869846344e-02
2.759247124195098877e-01 2.466391026973724365e-01 1.934807449579238892e-01 4.129313677549362183e-02 9.987548589706420898e-01 1.936879754066467285e-02 -2.021065354347229004e-02
2.746737599372863770e-01 2.420587837696075439e-01 1.933244764804840088e-01 4.508775845170021057e-02 9.985318779945373535e-01 1.934283785521984100e-02 -2.295794337987899780e-02
2.734748423099517822e-01 2.374548316001892090e-01 1.931986957788467407e-01 4.876526817679405212e-02 9.982937574386596680e-01 1.922029256820678711e-02 -2.573057822883129120e-02
2.723208665847778320e-01 2.328348159790039062e-01 1.931028366088867188e-01 5.232559517025947571e-02 9.980413317680358887e-01 1.901558041572570801e-02 -2.852969244122505188e-02
2.712076902389526367e-01 2.282045930624008179e-01 1.930372714996337891e-01 5.576660484075546265e-02 9.977754354476928711e-01 1.873913407325744629e-02 -3.135452419519424438e-02
2.701319456100463867e-01 2.235674262046813965e-01 1.930011361837387085e-01 5.908767133951187134e-02 9.974969625473022461e-01 1.839828491210937500e-02 -3.420478850603103638e-02
2.690914273262023926e-01 2.189271152019500732e-01 1.929941773414611816e-01 6.228702887892723083e-02 9.972068071365356445e-01 1.799908280372619629e-02 -3.708037734031677246e-02
2.680842578411102295e-01 2.142847180366516113e-01 1.930155456066131592e-01 6.536449491977691650e-02 9.969058036804199219e-01 1.754575967788696289e-02 -3.998108208179473877e-02
2.671092450618743896e-01 2.096417844295501709e-01 1.930642873048782349e-01 6.831824779510498047e-02 9.965948462486267090e-01 1.704213023185729980e-02 -4.290599003434181213e-02
2.661657631397247314e-01 2.049991935491561890e-01 1.931398361921310425e-01 7.114763557910919189e-02 9.962747693061828613e-01 1.649051904678344727e-02 -4.585429653525352478e-02
2.652532756328582764e-01 2.003573477268218994e-01 1.932415366172790527e-01 7.385134696960449219e-02 9.959465861320495605e-01 1.589310169219970703e-02 -4.882450401782989502e-02
2.643715739250183105e-01 1.957162916660308838e-01 1.933686137199401855e-01 7.642830908298492432e-02 9.956110119819641113e-01 1.525121834129095078e-02 -5.181527137756347656e-02
2.635205686092376709e-01 1.910757869482040405e-01 1.935206651687622070e-01 7.887767255306243896e-02 9.952690005302429199e-01 1.456585340201854706e-02 -5.482477694749832153e-02
2.627001702785491943e-01 1.864352971315383911e-01 1.936960965394973755e-01 8.119874447584152222e-02 9.949213266372680664e-01 1.383730862289667130e-02 -5.785151198506355286e-02
2.619106173515319824e-01 1.817943453788757324e-01 1.938951313495635986e-01 8.339028060436248779e-02 9.945689439773559570e-01 1.306635141372680664e-02 -6.089257448911666870e-02
2.611517608165740967e-01 1.771521270275115967e-01 1.941166520118713379e-01 8.545226603746414185e-02 9.942125678062438965e-01 1.225268747657537460e-02 -6.394678354263305664e-02
2.604241073131561279e-01 1.725077480077743530e-01 1.943603456020355225e-01 8.738411962985992432e-02 9.938529729843139648e-01 1.139631681144237518e-02 -6.701080501079559326e-02
2.597270905971527100e-01 1.678603738546371460e-01 1.946256011724472046e-01 8.918512612581253052e-02 9.934909343719482422e-01 1.049691438674926758e-02 -7.008259743452072144e-02
2.590608298778533936e-01 1.632084995508193970e-01 1.949113309383392334e-01 9.085583686828613281e-02 9.931272268295288086e-01 9.553551673889160156e-03 -7.315906137228012085e-02
2.584250569343566895e-01 1.585513800382614136e-01 1.952171772718429565e-01 9.239590913057327271e-02 9.927625656127929688e-01 8.566260337829589844e-03 -7.623738050460815430e-02
2.578194141387939453e-01 1.538873016834259033e-01 1.955424547195434570e-01 9.380621463060379028e-02 9.923975467681884766e-01 7.534056901931762695e-03 -7.931444048881530762e-02
2.572437822818756104e-01 1.492156833410263062e-01 1.958867162466049194e-01 9.508646279573440552e-02 9.920329451560974121e-01 6.456077098846435547e-03 -8.238644897937774658e-02
2.566979229450225830e-01 1.445352584123611450e-01 1.962491720914840698e-01 9.623749554157257080e-02 9.916694164276123047e-01 5.331933498382568359e-03 -8.544975519180297852e-02
2.561806738376617432e-01 1.398447006940841675e-01 1.966302245855331421e-01 9.726034849882125854e-02 9.913075566291809082e-01 4.160672891885042191e-03 -8.850106596946716309e-02
2.556915879249572754e-01 1.351429820060729980e-01 1.970285177230834961e-01 9.815626591444015503e-02 9.909478425979614258e-01 2.941458718851208687e-03 -9.153702110052108765e-02
2.552299499511718750e-01 1.304286420345306396e-01 1.974440813064575195e-01 9.892664104700088501e-02 9.905909299850463867e-01 1.672804239206016064e-03 -9.455321729183197021e-02
2.547945976257324219e-01 1.257005780935287476e-01 1.978766024112701416e-01 9.957264363765716553e-02 9.902372956275939941e-01 3.542001650203019381e-04 -9.754598885774612427e-02
2.543844878673553467e-01 1.209577396512031555e-01 1.983254700899124146e-01 1.000966057181358337e-01 9.898873567581176758e-01 -1.015871879644691944e-03 -1.005117222666740417e-01
2.539983689785003662e-01 1.161989420652389526e-01 1.987903118133544922e-01 1.005002632737159729e-01 9.895416498184204102e-01 -2.438336843624711037e-03 -1.034460887312889099e-01
2.536345720291137695e-01 1.114231497049331665e-01 1.992702335119247437e-01 1.007861420512199402e-01 9.892004132270812988e-01 -3.914415836334228516e-03 -1.063455194234848022e-01
2.532923817634582520e-01 1.066294014453887939e-01 1.997659206390380859e-01 1.009563580155372620e-01 9.888641238212585449e-01 -5.444913636893033981e-03 -1.092056408524513245e-01
2.529692351818084717e-01 1.018164977431297302e-01 2.002760767936706543e-01 1.010143980383872986e-01 9.885330200195312500e-01 -7.032156921923160553e-03 -1.120230257511138916e-01
2.526640892028808594e-01 9.698379784822463989e-02 2.008006572723388672e-01 1.009627729654312134e-01 9.882072806358337402e-01 -8.676500059664249420e-03 -1.147938147187232971e-01
2.523749172687530518e-01 9.213052690029144287e-02 2.013391852378845215e-01 1.008045673370361328e-01 9.878872036933898926e-01 -1.037868857383728027e-02 -1.175142750144004822e-01
2.520996034145355225e-01 8.725599944591522217e-02 2.018915563821792603e-01 1.005432233214378357e-01 9.875729084014892578e-01 -1.214057207107543945e-02 -1.201807633042335510e-01
2.518359720706939697e-01 8.235955983400344849e-02 2.024571597576141357e-01 1.001822724938392639e-01 9.872645139694213867e-01 -1.396375987678766251e-02 -1.227896735072135925e-01
2.515818476676940918e-01 7.744118571281433105e-02 2.030349969863891602e-01 9.972510486841201782e-02 9.869621396064758301e-01 -1.584905385971069336e-02 -1.253372728824615479e-01
2.513347268104553223e-01 7.250013947486877441e-02 2.036250233650207520e-01 9.917607903480529785e-02 9.866657257080078125e-01 -1.779845356941223145e-02 -1.278202533721923828e-01
2.510921061038970947e-01 6.753677129745483398e-02 2.042268216609954834e-01 9.853876382112503052e-02 9.863753318786621094e-01 -1.981327123939990997e-02 -1.302352398633956909e-01
2.508502304553985596e-01 6.255110353231430054e-02 2.048387080430984497e-01 9.781779348850250244e-02 9.860906600952148438e-01 -2.189546823501586914e-02 -1.325799971818923950e-01
2.506068050861358643e-01 5.754357576370239258e-02 2.054605782032012939e-01 9.701704978942871094e-02 9.858117699623107910e-01 -2.404710836708545685e-02 -1.348503679037094116e-01
2.503584325313568115e-01 5.251551419496536255e-02 2.060920149087905884e-01 9.614081680774688721e-02 9.855383634567260742e-01 -2.627003006637096405e-02 -1.370434463024139404e-01
2.501018345355987549e-01 4.746739566326141357e-02 2.067316621541976929e-01 9.519389271736145020e-02 9.852703809738159180e-01 -2.856602892279624939e-02 -1.391561031341552734e-01
2.498337477445602417e-01 4.240060225129127502e-02 2.073791325092315674e-01 9.418099373579025269e-02 9.850075244903564453e-01 -3.093635849654674530e-02 -1.411846578121185303e-01
2.495505511760711670e-01 3.731621056795120239e-02 2.080330252647399902e-01 9.310717880725860596e-02 9.847494363784790039e-01 -3.338121995329856873e-02 -1.431268304586410522e-01
2.492493242025375366e-01 3.221540898084640503e-02 2.086926251649856567e-01 9.197729825973510742e-02 9.844959974288940430e-01 -3.589928522706031799e-02 -1.449794024229049683e-01
2.489265799522399902e-01 2.709892950952053070e-02 2.093557566404342651e-01 9.079685807228088379e-02 9.842468500137329102e-01 -3.848785161972045898e-02 -1.467404961585998535e-01
2.485799938440322876e-01 2.196776121854782104e-02 2.100218534469604492e-01 8.957070112228393555e-02 9.840018749237060547e-01 -4.114291071891784668e-02 -1.484070867300033569e-01
2.482060492038726807e-01 1.682269759476184845e-02 2.106888443231582642e-01 8.830410987138748169e-02 9.837608933448791504e-01 -4.385880008339881897e-02 -1.499775648117065430e-01
2.478018105030059814e-01 1.166483387351036072e-02 2.113549560308456421e-01 8.700231462717056274e-02 9.835237264633178711e-01 -4.663014039397239685e-02 -1.514506489038467407e-01
2.473635673522949219e-01 6.495994515717029572e-03 2.120196372270584106e-01 8.567041158676147461e-02 9.832901358604431152e-01 -4.945189133286476135e-02 -1.528252959251403809e-01
2.468880861997604370e-01 1.318641006946563721e-03 2.126822024583816528e-01 8.431379497051239014e-02 9.830600619316101074e-01 -5.231982469558715820e-02 -1.540996730327606201e-01
2.463719099760055542e-01 -3.864332102239131927e-03 2.133444249629974365e-01 8.293776959180831909e-02 9.828333854675292969e-01 -5.523144826292991638e-02 -1.552716940641403198e-01
2.458108961582183838e-01 -9.049080312252044678e-03 2.140071988105773926e-01 8.154849708080291748e-02 9.826096892356872559e-01 -5.818533524870872498e-02 -1.563410311937332153e-01
2.452014833688735962e-01 -1.423090603202581406e-02 2.146726250648498535e-01 8.015118539333343506e-02 9.823884367942810059e-01 -6.118091568350791931e-02 -1.573075652122497559e-01
2.445395141839981079e-01 -1.940401457250118256e-02 2.153415232896804810e-01 7.875071465969085693e-02 9.821688532829284668e-01 -6.421849876642227173e-02 -1.581729948520660400e-01
2.438206672668457031e-01 -2.456310950219631195e-02 2.160144299268722534e-01 7.735198736190795898e-02 9.819497466087341309e-01 -6.729850172996520996e-02 -1.589412689208984375e-01
2.430420517921447754e-01 -2.970186993479728699e-02 2.166912257671356201e-01 7.595849037170410156e-02 9.817300438880920410e-01 -7.042026519775390625e-02 -1.596163958311080933e-01
2.422014027833938599e-01 -3.481489792466163635e-02 2.173701524734497070e-01 7.457395642995834351e-02 9.815086126327514648e-01 -7.358285039663314819e-02 -1.602033227682113647e-01
2.412952482700347900e-01 -3.989737480878829956e-02 2.180489599704742432e-01 7.320145517587661743e-02 9.812840223312377930e-01 -7.678443193435668945e-02 -1.607089340686798096e-01
2.403231859207153320e-01 -4.494490846991539001e-02 2.187258601188659668e-01 7.184378802776336670e-02 9.810552000999450684e-01 -8.002239465713500977e-02 -1.611383408308029175e-01
2.392850816249847412e-01 -4.995431751012802124e-02 2.193990349769592285e-01 7.050374150276184082e-02 9.808213114738464355e-01 -8.329382538795471191e-02 -1.614959090948104858e-01
2.381805032491683960e-01 -5.492226779460906982e-02 2.200663387775421143e-01 6.918327510356903076e-02 9.805814027786254883e-01 -8.659482002258300781e-02 -1.617872714996337891e-01
2.370080947875976562e-01 -5.984666571021080017e-02 2.207242250442504883e-01 6.788499653339385986e-02 9.803344607353210449e-01 -8.992129564285278320e-02 -1.620190143585205078e-01
2.357713282108306885e-01 -6.472590565681457520e-02 2.213731110095977783e-01 6.661095470190048218e-02 9.800803661346435547e-01 -9.326913952827453613e-02 -1.621921062469482422e-01
2.344695031642913818e-01 -6.955844163894653320e-02 2.220109999179840088e-01 6.536294519901275635e-02 9.798184633255004883e-01 -9.663341194391250610e-02 -1.623129546642303467e-01
2.331018894910812378e-01 -7.434280216693878174e-02 2.226352095603942871e-01 6.414226442575454712e-02 9.795480370521545410e-01 -1.000090613961219788e-01 -1.623873114585876465e-01
2.316702455282211304e-01 -7.907794415950775146e-02 2.232454419136047363e-01 6.295017153024673462e-02 9.792690873146057129e-01 -1.033902689814567566e-01 -1.624183952808380127e-01
2.301754653453826904e-01 -8.376329392194747925e-02 2.238412797451019287e-01 6.178824231028556824e-02 9.789814949035644531e-01 -1.067721471190452576e-01 -1.624104827642440796e-01
2.286197543144226074e-01 -8.839796483516693115e-02 2.244235128164291382e-01 6.065739691257476807e-02 9.786853790283203125e-01 -1.101490855216979980e-01 -1.623661220073699951e-01
2.270042747259140015e-01 -9.298107773065567017e-02 2.249923497438430786e-01 5.955819413065910339e-02 9.783807992935180664e-01 -1.135159581899642944e-01 -1.622896492481231689e-01
2.253290712833404541e-01 -9.751166403293609619e-02 2.255472987890243530e-01 5.849093198776245117e-02 9.780675768852233887e-01 -1.168679744005203247e-01 -1.621865928173065186e-01
2.235950082540512085e-01 -1.019884571433067322e-01 2.260885238647460938e-01 5.745583772659301758e-02 9.777457714080810547e-01 -1.202004849910736084e-01 -1.620613038539886475e-01
2.218027859926223755e-01 -1.064101085066795349e-01 2.266160845756530762e-01 5.645177513360977173e-02 9.774153232574462891e-01 -1.235098168253898621e-01 -1.619191020727157593e-01
2.199533283710479736e-01 -1.107756122946739197e-01 2.271301150321960449e-01 5.547872930765151978e-02 9.770761728286743164e-01 -1.267932206392288208e-01 -1.617643237113952637e-01
2.180471569299697876e-01 -1.150832995772361755e-01 2.276296019554138184e-01 5.453494936227798462e-02 9.767282605171203613e-01 -1.300481557846069336e-01 -1.616024225950241089e-01
2.160857021808624268e-01 -1.193326786160469055e-01 2.281151115894317627e-01 5.361969023942947388e-02 9.763714075088500977e-01 -1.332733780145645142e-01 -1.614371985197067261e-01
2.140696346759796143e-01 -1.235219761729240417e-01 2.285860180854797363e-01 5.273086577653884888e-02 9.760056138038635254e-01 -1.364676058292388916e-01 -1.612733006477355957e-01
2.120003849267959595e-01 -1.276505589485168457e-01 2.290417551994323730e-01 5.186700820922851562e-02 9.756307005882263184e-01 -1.396306157112121582e-01 -1.611144095659255981e-01
2.098791897296905518e-01 -1.317179650068283081e-01 2.294825762510299683e-01 5.102666467428207397e-02 9.752464890480041504e-01 -1.427627056837081909e-01 -1.609639823436737061e-01
2.077076882123947144e-01 -1.357236653566360474e-01 2.299074977636337280e-01 5.020791292190551758e-02 9.748528003692626953e-01 -1.458644270896911621e-01 -1.608251333236694336e-01
2.054873406887054443e-01 -1.396673768758773804e-01 2.303171157836914062e-01 4.940903559327125549e-02 9.744496941566467285e-01 -1.489364504814147949e-01 -1.607000082731246948e-01
2.032200247049331665e-01 -1.435488611459732056e-01 2.307108491659164429e-01 4.862833023071289062e-02 9.740369915962219238e-01 -1.519796997308731079e-01 -1.605908125638961792e-01
2.009072452783584595e-01 -1.473683118820190430e-01 2.310888171195983887e-01 4.786378145217895508e-02 9.736145734786987305e-01 -1.549954563379287720e-01 -1.604997515678405762e-01
1.985489428043365479e-01 -1.511251479387283325e-01 2.314502894878387451e-01 4.711318016052246094e-02 9.731816649436950684e-01 -1.579848080873489380e-01 -1.604325771331787109e-01
1.961488723754882812e-01 -1.548203527927398682e-01 2.317948490381240845e-01 4.637563973665237427e-02 9.727392792701721191e-01 -1.609484255313873291e-01 -1.603845208883285522e-01
1.937056630849838257e-01 -1.584530770778656006e-01 2.321219444274902344e-01 4.564788565039634705e-02 9.722862839698791504e-01 -1.638874411582946777e-01 -1.603639423847198486e-01
1.912212073802947998e-01 -1.620234996080398560e-01 2.324305921792984009e-01 4.492824152112007141e-02 9.718229174613952637e-01 -1.668022274971008301e-01 -1.603703200817108154e-01
1.886999309062957764e-01 -1.655342876911163330e-01 2.327231317758560181e-01 4.421689733862876892e-02 9.713501334190368652e-01 -1.696941256523132324e-01 -1.603985726833343506e-01
1.861413419246673584e-01 -1.689850538969039917e-01 2.329991459846496582e-01 4.351149126887321472e-02 9.708671569824218750e-01 -1.725633144378662109e-01 -1.604544520378112793e-01
1.835455298423767090e-01 -1.723757982254028320e-01 2.332566976547241211e-01 4.280981421470642090e-02 9.703739881515502930e-01 -1.754093915224075317e-01 -1.605402231216430664e-01
1.809156090021133423e-01 -1.757087856531143188e-01 2.334987521171569824e-01 4.211147502064704895e-02 9.698711633682250977e-01 -1.782327592372894287e-01 -1.606536507606506348e-01
1.782526969909667969e-01 -1.789847761392593384e-01 2.337242811918258667e-01 4.141534492373466492e-02 9.693590402603149414e-01 -1.810325086116790771e-01 -1.607951670885086060e-01
1.755573749542236328e-01 -1.822042763233184814e-01 2.339331209659576416e-01 4.071975499391555786e-02 9.688378572463989258e-01 -1.838076114654541016e-01 -1.609652936458587646e-01
1.728316992521286011e-01 -1.853693872690200806e-01 2.341269254684448242e-01 4.002452269196510315e-02 9.683083295822143555e-01 -1.865568608045578003e-01 -1.611629873514175415e-01
1.700764894485473633e-01 -1.884812712669372559e-01 2.343059778213500977e-01 3.932882845401763916e-02 9.677709341049194336e-01 -1.892786920070648193e-01 -1.613883227109909058e-01
1.672926247119903564e-01 -1.915409415960311890e-01 2.344704419374465942e-01 3.863120824098587036e-02 9.672263860702514648e-01 -1.919708997011184692e-01 -1.616414934396743774e-01
1.644816100597381592e-01 -1.945503056049346924e-01 2.346217334270477295e-01 3.793214261531829834e-02 9.666755199432373047e-01 -1.946305781602859497e-01 -1.619215011596679688e-01
1.616448909044265747e-01 -1.975114047527313232e-01 2.347609698772430420e-01 3.723089396953582764e-02 9.661193490028381348e-01 -1.972557902336120605e-01 -1.622265428304672241e-01
1.587814986705780029e-01 -2.004243731498718262e-01 2.348876446485519409e-01 3.652621060609817505e-02 9.655583500862121582e-01 -1.998427659273147583e-01 -1.625600308179855347e-01
1.558927297592163086e-01 -2.032908350229263306e-01 2.350031286478042603e-01 3.581771254539489746e-02 9.649937748908996582e-01 -2.023884057998657227e-01 -1.629204452037811279e-01
1.529797166585922241e-01 -2.061122059822082520e-01 2.351078540086746216e-01 3.510481864213943481e-02 9.644268155097961426e-01 -2.048894762992858887e-01 -1.633062213659286499e-01
1.500427424907684326e-01 -2.088900208473205566e-01 2.352029830217361450e-01 3.438767045736312866e-02 9.638586640357971191e-01 -2.073421031236648560e-01 -1.637167632579803467e-01
1.470816731452941895e-01 -2.116243541240692139e-01 2.352885454893112183e-01 3.366484493017196655e-02 9.632904529571533203e-01 -2.097424715757369995e-01 -1.641533672809600830e-01
1.440980881452560425e-01 -2.143178284168243408e-01 2.353663444519042969e-01 3.293727710843086243e-02 9.627235531806945801e-01 -2.120880335569381714e-01 -1.646120399236679077e-01
1.410911828279495239e-01 -2.169698178768157959e-01 2.354357242584228516e-01 3.220317885279655457e-02 9.621589183807373047e-01 -2.143749594688415527e-01 -1.650957465171813965e-01
1.380619853734970093e-01 -2.195814251899719238e-01 2.354972958564758301e-01 3.146291896700859070e-02 9.615981578826904297e-01 -2.165999561548233032e-01 -1.656006425619125366e-01
1.350107491016387939e-01 -2.221532613039016724e-01 2.355518043041229248e-01 3.071589209139347076e-02 9.610422849655151367e-01 -2.187607437372207642e-01 -1.661262810230255127e-01
1.319368928670883179e-01 -2.246848791837692261e-01 2.355986684560775757e-01 2.996053732931613922e-02 9.604921936988830566e-01 -2.208546251058578491e-01 -1.666744053363800049e-01
1.288414001464843750e-01 -2.271766811609268188e-01 2.356382012367248535e-01 2.919685281813144684e-02 9.599494338035583496e-01 -2.228791564702987671e-01 -1.672409176826477051e-01
1.257239729166030884e-01 -2.296283394098281860e-01 2.356700748205184937e-01 2.842431701719760895e-02 9.594147205352783203e-01 -2.248327732086181641e-01 -1.678263545036315918e-01
1.225852072238922119e-01 -2.320391982793807983e-01 2.356933802366256714e-01 2.764124609529972076e-02 9.588892459869384766e-01 -2.267133742570877075e-01 -1.684291809797286987e-01
1.194254457950592041e-01 -2.344092577695846558e-01 2.357086241245269775e-01 2.684787102043628693e-02 9.583740234375000000e-01 -2.285199165344238281e-01 -1.690476983785629272e-01
1.162459701299667358e-01 -2.367382645606994629e-01 2.357147186994552612e-01 2.604440599679946899e-02 9.578702449798583984e-01 -2.302510440349578857e-01 -1.696783900260925293e-01
1.130449175834655762e-01 -2.390245050191879272e-01 2.357110381126403809e-01 2.522745914757251740e-02 9.573777318000793457e-01 -2.319065630435943604e-01 -1.703256368637084961e-01
1.098251119256019592e-01 -2.412695884704589844e-01 2.356984615325927734e-01 2.439958043396472931e-02 9.568981528282165527e-01 -2.334860414266586304e-01 -1.709820926189422607e-01
1.065831780433654785e-01 -2.434672415256500244e-01 2.356719523668289185e-01 2.355334907770156860e-02 9.564309716224670410e-01 -2.349872589111328125e-01 -1.716568470001220703e-01
1.033238172531127930e-01 -2.456244379281997681e-01 2.356374263763427734e-01 2.269633114337921143e-02 9.559779167175292969e-01 -2.364125698804855347e-01 -1.723375618457794189e-01
1.000466942787170410e-01 -2.477370649576187134e-01 2.355908453464508057e-01 2.182518690824508667e-02 9.555397629737854004e-01 -2.377597540616989136e-01 -1.730253398418426514e-01
9.675154834985733032e-02 -2.498024851083755493e-01 2.355298399925231934e-01 2.093776315450668335e-02 9.551172256469726562e-01 -2.390267699956893921e-01 -1.737206280231475830e-01
9.343908727169036865e-02 -2.518215179443359375e-01 2.354553937911987305e-01 2.003392577171325684e-02 9.547106027603149414e-01 -2.402146458625793457e-01 -1.744226515293121338e-01
9.011039137840270996e-02 -2.537932693958282471e-01 2.353665232658386230e-01 1.911341585218906403e-02 9.543207883834838867e-01 -2.413218915462493896e-01 -1.751291304826736450e-01
8.676647394895553589e-02 -2.557180821895599365e-01 2.352637350559234619e-01 1.817704923450946808e-02 9.539488554000854492e-01 -2.423477023839950562e-01 -1.758372336626052856e-01
8.340838551521301270e-02 -2.575951218605041504e-01 2.351455688476562500e-01 1.722432672977447510e-02 9.535956382751464844e-01 -2.432904541492462158e-01 -1.765458583831787109e-01
8.003639429807662964e-02 -2.594240009784698486e-01 2.350122779607772827e-01 1.625488884747028351e-02 9.532620310783386230e-01 -2.441482841968536377e-01 -1.772538572549819946e-01
7.665216922760009766e-02 -2.612044513225555420e-01 2.348626255989074707e-01 1.526897773146629333e-02 9.529494047164916992e-01 -2.449186891317367554e-01 -1.779581606388092041e-01
7.325638085603713989e-02 -2.629359662532806396e-01 2.346962243318557739e-01 1.426694914698600769e-02 9.526591897010803223e-01 -2.455986738204956055e-01 -1.786568164825439453e-01
6.985069811344146729e-02 -2.646189033985137939e-01 2.345130741596221924e-01 1.324996445327997208e-02 9.523931145668029785e-01 -2.461843341588973999e-01 -1.793462485074996948e-01
6.643577665090560913e-02 -2.662539780139923096e-01 2.343136966228485107e-01 1.221827417612075806e-02 9.521526098251342773e-01 -2.466725856065750122e-01 -1.800242215394973755e-01
6.301315128803253174e-02 -2.678403556346893311e-01 2.340964674949645996e-01 1.117306575179100037e-02 9.519401192665100098e-01 -2.470572143793106079e-01 -1.806871592998504639e-01
5.958413705229759216e-02 -2.693790495395660400e-01 2.338620275259017944e-01 1.011499669402837753e-02 9.517578482627868652e-01 -2.473331391811370850e-01 -1.813311129808425903e-01
5.614990368485450745e-02 -2.708705365657806396e-01 2.336105108261108398e-01 9.046145714819431305e-03 9.516084790229797363e-01 -2.474932819604873657e-01 -1.819521039724349976e-01
5.271208286285400391e-02 -2.723147869110107422e-01 2.333409041166305542e-01 7.966927252709865570e-03 9.514949917793273926e-01 -2.475300133228302002e-01 -1.825450360774993896e-01
4.927187412977218628e-02 -2.737126350402832031e-01 2.330534458160400391e-01 6.879427004605531693e-03 9.514206051826477051e-01 -2.474347352981567383e-01 -1.831051856279373169e-01
4.583135247230529785e-02 -2.750657200813293457e-01 2.327488362789154053e-01 5.786581896245479584e-03 9.513891935348510742e-01 -2.471980899572372437e-01 -1.836251169443130493e-01
4.239176213741302490e-02 -2.763746976852416992e-01 2.324266731739044189e-01 4.690176807343959808e-03 9.514046311378479004e-01 -2.468096464872360229e-01 -1.840983033180236816e-01
3.895475715398788452e-02 -2.776404023170471191e-01 2.320869863033294678e-01 3.592157270759344101e-03 9.514712095260620117e-01 -2.462582886219024658e-01 -1.845170110464096069e-01
3.552186116576194763e-02 -2.788647413253784180e-01 2.317307442426681519e-01 2.496064873412251472e-03 9.515931606292724609e-01 -2.455328702926635742e-01 -1.848723590373992920e-01
3.209487721323966980e-02 -2.800485789775848389e-01 2.313573807477951050e-01 1.403584727086126804e-03 9.517753720283508301e-01 -2.446205615997314453e-01 -1.851553171873092651e-01
2.867497317492961884e-02 -2.811932563781738281e-01 2.309681177139282227e-01 3.179748018737882376e-04 9.520222544670104980e-01 -2.435098588466644287e-01 -1.853549182415008545e-01
2.526402659714221954e-02 -2.823000848293304443e-01 2.305625826120376587e-01 -7.580910460092127323e-04 9.523387551307678223e-01 -2.421879768371582031e-01 -1.854597330093383789e-01
2.186329290270805359e-02 -2.833707928657531738e-01 2.301418632268905640e-01 -1.821560203097760677e-03 9.527290463447570801e-01 -2.406444698572158813e-01 -1.854569911956787109e-01
1.847454532980918884e-02 -2.844066619873046875e-01 2.297067046165466309e-01 -2.869203919544816017e-03 9.531974792480468750e-01 -2.388672828674316406e-01 -1.853341311216354370e-01
1.509815640747547150e-02 -2.854082286357879639e-01 2.292573601007461548e-01 -3.899666713550686836e-03 9.537474513053894043e-01 -2.368482500314712524e-01 -1.850769519805908203e-01
1.173594594001770020e-02 -2.863768041133880615e-01 2.287946641445159912e-01 -4.909742623567581177e-03 9.543820023536682129e-01 -2.345788478851318359e-01 -1.846717000007629395e-01
8.388018235564231873e-03 -2.873129546642303467e-01 2.283197939395904541e-01 -5.897223483771085739e-03 9.551029801368713379e-01 -2.320540398359298706e-01 -1.841044574975967407e-01
5.055239424109458923e-03 -2.882173955440521240e-01 2.278334945440292358e-01 -6.859452929347753525e-03 9.559115171432495117e-01 -2.292702049016952515e-01 -1.833610832691192627e-01
1.738369464874267578e-03 -2.890903055667877197e-01 2.273361980915069580e-01 -7.794159930199384689e-03 9.568074941635131836e-01 -2.262263447046279907e-01 -1.824288517236709595e-01
-1.562537625432014465e-03 -2.899312674999237061e-01 2.268292903900146484e-01 -8.699208498001098633e-03 9.577895402908325195e-01 -2.229246348142623901e-01 -1.812956184148788452e-01
-4.847401753067970276e-03 -2.907398939132690430e-01 2.263128757476806641e-01 -9.572318755090236664e-03 9.588550329208374023e-01 -2.193699628114700317e-01 -1.799506247043609619e-01
-8.116390556097030640e-03 -2.915153801441192627e-01 2.257880717515945435e-01 -1.041098963469266891e-02 9.599997997283935547e-01 -2.155701220035552979e-01 -1.783859729766845703e-01
-1.136951521039009094e-02 -2.922564744949340820e-01 2.252549082040786743e-01 -1.121332217007875443e-02 9.612185955047607422e-01 -2.115356028079986572e-01 -1.765947788953781128e-01
-1.460630260407924652e-02 -2.929605245590209961e-01 2.247140854597091675e-01 -1.197556592524051666e-02 9.625051021575927734e-01 -2.072789072990417480e-01 -1.745737642049789429e-01
-1.782843098044395447e-02 -2.936277687549591064e-01 2.241659164428710938e-01 -1.269295159727334976e-02 9.638515114784240723e-01 -2.028152197599411011e-01 -1.723228394985198975e-01
-2.103677205741405487e-02 -2.942581772804260254e-01 2.236109822988510132e-01 -1.336108520627021790e-02 9.652493596076965332e-01 -1.981617808341979980e-01 -1.698443591594696045e-01
-2.423123270273208618e-02 -2.948479354381561279e-01 2.230486720800399780e-01 -1.397937629371881485e-02 9.666895866394042969e-01 -1.933376640081405640e-01 -1.671418100595474243e-01
-2.741164155304431915e-02 -2.953949272632598877e-01 2.224783599376678467e-01 -1.454588398337364197e-02 9.681626558303833008e-01 -1.883636116981506348e-01 -1.642214208841323853e-01
-3.057910688221454620e-02 -2.958987653255462646e-01 2.219007611274719238e-01 -1.505709718912839890e-02 9.696585536003112793e-01 -1.832609474658966064e-01 -1.610933095216751099e-01
-3.373353555798530579e-02 -2.963566780090332031e-01 2.213144004344940186e-01 -1.551162172108888626e-02 9.711674451828002930e-01 -1.780506968498229980e-01 -1.577692478895187378e-01
-3.687530755996704102e-02 -2.967687249183654785e-01 2.207192331552505493e-01 -1.590616069734096527e-02 9.726795554161071777e-01 -1.727550178766250610e-01 -1.542633175849914551e-01
-4.000493884086608887e-02 -2.971338629722595215e-01 2.201146483421325684e-01 -1.623913645744323730e-02 9.741853475570678711e-01 -1.673954725265502930e-01 -1.505921632051467896e-01
-4.312284290790557861e-02 -2.974521517753601074e-01 2.194999456405639648e-01 -1.650860160589218140e-02 9.756758809089660645e-01 -1.619929820299148560e-01 -1.467728912830352783e-01
-4.622954875230789185e-02 -2.977231442928314209e-01 2.188740670680999756e-01 -1.671473309397697449e-02 9.771428108215332031e-01 -1.565679311752319336e-01 -1.428252458572387695e-01
-4.932493716478347778e-02 -2.979471087455749512e-01 2.182361483573913574e-01 -1.685731858015060425e-02 9.785786271095275879e-01 -1.511393040418624878e-01 -1.387683898210525513e-01
-5.240936577320098877e-02 -2.981252968311309814e-01 2.175856977701187134e-01 -1.693677157163619995e-02 9.799766540527343750e-01 -1.457255780696868896e-01 -1.346217244863510132e-01
-5.548348650336265564e-02 -2.982597947120666504e-01 2.169227004051208496e-01 -1.695245504379272461e-02 9.813311696052551270e-01 -1.403438895940780640e-01 -1.304045021533966064e-01
-5.854806303977966309e-02 -2.983498275279998779e-01 2.162462919950485229e-01 -1.690961979329586029e-02 9.826369285583496094e-01 -1.350105404853820801e-01 -1.261381953954696655e-01
-6.160308793187141418e-02 -2.983964085578918457e-01 2.155555486679077148e-01 -1.681101135909557343e-02 9.838901758193969727e-01 -1.297390311956405640e-01 -1.218412965536117554e-01
-6.464896351099014282e-02 -2.984011173248291016e-01 2.148510217666625977e-01 -1.665969379246234894e-02 9.850876331329345703e-01 -1.245433315634727478e-01 -1.175319030880928040e-01
-6.768650561571121216e-02 -2.983656227588653564e-01 2.141326814889907837e-01 -1.645921543240547180e-02 9.862271547317504883e-01 -1.194350719451904297e-01 -1.132270023226737976e-01
-7.071582973003387451e-02 -2.982905209064483643e-01 2.134005725383758545e-01 -1.621459610760211945e-02 9.873071908950805664e-01 -1.144249960780143738e-01 -1.089427992701530457e-01
-7.373774051666259766e-02 -2.981767952442169189e-01 2.126550376415252686e-01 -1.593088731169700623e-02 9.883269071578979492e-01 -1.095221415162086487e-01 -1.046948283910751343e-01
-7.675281912088394165e-02 -2.980264723300933838e-01 2.118970006704330444e-01 -1.561195589601993561e-02 9.892863631248474121e-01 -1.047348454594612122e-01 -1.004958972334861755e-01
-7.976196706295013428e-02 -2.978416085243225098e-01 2.111282199621200562e-01 -1.526267267763614655e-02 9.901857972145080566e-01 -1.000704243779182434e-01 -9.635888785123825073e-02
-8.276645839214324951e-02 -2.976244091987609863e-01 2.103496491909027100e-01 -1.488681603223085403e-02 9.910263419151306152e-01 -9.553482383489608765e-02 -9.229428321123123169e-02
-8.576694875955581665e-02 -2.973769307136535645e-01 2.095624655485153198e-01 -1.448963861912488937e-02 9.918094277381896973e-01 -9.113243222236633301e-02 -8.831207454204559326e-02
-8.876457065343856812e-02 -2.971021234989166260e-01 2.087689340114593506e-01 -1.407482847571372986e-02 9.925367236137390137e-01 -8.686655759811401367e-02 -8.442103862762451172e-02
-9.176063537597656250e-02 -2.968033850193023682e-01 2.079712450504302979e-01 -1.364632882177829742e-02 9.932104349136352539e-01 -8.274009823799133301e-02 -8.062773197889328003e-02
-9.475794434547424316e-02 -2.964845001697540283e-01 2.071717977523803711e-01 -1.320746913552284241e-02 9.938327670097351074e-01 -7.875623553991317749e-02 -7.693833112716674805e-02
-9.775789827108383179e-02 -2.961497902870178223e-01 2.063736319541931152e-01 -1.276143919676542282e-02 9.944061040878295898e-01 -7.491520792245864868e-02 -7.335778325796127319e-02
-1.007627695798873901e-01 -2.958043217658996582e-01 2.055799961090087891e-01 -1.231054030358791351e-02 9.949331283569335938e-01 -7.121744751930236816e-02 -6.988962739706039429e-02
-1.037737503647804260e-01 -2.954521179199218750e-01 2.047934085130691528e-01 -1.185857784003019333e-02 9.954165816307067871e-01 -6.766134500503540039e-02 -6.653682142496109009e-02
-1.067942380905151367e-01 -2.950976490974426270e-01 2.040172517299652100e-01 -1.140785031020641327e-02 9.958589673042297363e-01 -6.424700468778610229e-02 -6.330131739377975464e-02
-1.098259985446929932e-01 -2.947449386119842529e-01 2.032538503408432007e-01 -1.095922477543354034e-02 9.962630867958068848e-01 -6.097292900085449219e-02 -6.018358469009399414e-02
-1.128698587417602539e-01 -2.943959236145019531e-01 2.025044709444046021e-01 -1.051550265401601791e-02 9.966314435005187988e-01 -5.783674493432044983e-02 -5.718447640538215637e-02
-1.159263029694557190e-01 -2.940505146980285645e-01 2.017689347267150879e-01 -1.007842272520065308e-02 9.969666600227355957e-01 -5.483632907271385193e-02 -5.430319532752037048e-02
-1.189942657947540283e-01 -2.937093377113342285e-01 2.010465413331985474e-01 -9.649481624364852905e-03 9.972712993621826172e-01 -5.196774378418922424e-02 -5.153876543045043945e-02
-1.220728009939193726e-01 -2.933696806430816650e-01 2.003359198570251465e-01 -9.231122210621833801e-03 9.975475668907165527e-01 -4.922836646437644958e-02 -4.888920485973358154e-02
-1.251608282327651978e-01 -2.930311858654022217e-01 1.996357738971710205e-01 -8.824025280773639679e-03 9.977979063987731934e-01 -4.661431536078453064e-02 -4.635258764028549194e-02
-1.282563805580139160e-01 -2.926900386810302734e-01 1.989453136920928955e-01 -8.429218083620071411e-03 9.980244040489196777e-01 -4.412135481834411621e-02 -4.392646625638008118e-02
-1.313586235046386719e-01 -2.923471331596374512e-01 1.982625722885131836e-01 -8.046834729611873627e-03 9.982290863990783691e-01 -4.174589738249778748e-02 -4.160862043499946594e-02
-1.344678997993469238e-01 -2.920008301734924316e-01 1.975868642330169678e-01 -7.677050773054361343e-03 9.984136223793029785e-01 -3.948676213622093201e-02 -3.939638659358024597e-02
-1.375814378261566162e-01 -2.916504442691802979e-01 1.969167292118072510e-01 -7.319915574043989182e-03 9.985799789428710938e-01 -3.733697161078453064e-02 -3.728733584284782410e-02
-1.406986862421035767e-01 -2.912962436676025391e-01 1.962523013353347778e-01 -6.974531803280115128e-03 9.987297654151916504e-01 -3.529306873679161072e-02 -3.527851030230522156e-02
-1.438174843788146973e-01 -2.909364998340606689e-01 1.955909729003906250e-01 -6.642273161560297012e-03 9.988644719123840332e-01 -3.335115313529968262e-02 -3.336599841713905334e-02
-1.469375342130661011e-01 -2.905713617801666260e-01 1.949329674243927002e-01 -6.322427187114953995e-03 9.989855289459228516e-01 -3.150767087936401367e-02 -3.154701739549636841e-02
-1.500564813613891602e-01 -2.901998162269592285e-01 1.942766159772872925e-01 -6.014951970428228378e-03 9.990941882133483887e-01 -2.975761890411376953e-02 -2.981799840927124023e-02
-1.501928120851516724e-01 -2.824833393096923828e-01 1.942255198955535889e-01 -5.956743843853473663e-03 9.991150498390197754e-01 -2.939948067069053650e-02 -2.948350086808204651e-02
-1.523907184600830078e-01 -2.756814360618591309e-01 1.937398910522460938e-01 -5.716032814234495163e-03 9.991923570632934570e-01 -2.806541323661804199e-02 -2.818418852984905243e-02
-1.550322920083999634e-01 -2.698176801204681396e-01 1.931659728288650513e-01 -5.455804988741874695e-03 9.992715120315551758e-01 -2.664041519165039062e-02 -2.677621692419052124e-02
-1.578782498836517334e-01 -2.647742629051208496e-01 1.925556510686874390e-01 -5.194511730223894119e-03 9.993469119071960449e-01 -2.521359920501708984e-02 -2.535917051136493683e-02
-1.608279496431350708e-01 -2.604354023933410645e-01 1.919284462928771973e-01 -4.938000347465276718e-03 9.994164109230041504e-01 -2.382468804717063904e-02 -2.397701144218444824e-02
-1.638359129428863525e-01 -2.566955685615539551e-01 1.912917047739028931e-01 -4.689645022153854370e-03 9.994794726371765137e-01 -2.249094657599925995e-02 -2.264892868697643280e-02
-1.668787896633148193e-01 -2.534641325473785400e-01 1.906495392322540283e-01 -4.451253917068243027e-03 9.995362758636474609e-01 -2.121993899345397949e-02 -2.138200588524341583e-02
-1.699425876140594482e-01 -2.506637871265411377e-01 1.900039762258529663e-01 -4.222159739583730698e-03 9.995871782302856445e-01 -2.001306228339672089e-02 -2.017829753458499908e-02
-1.730165481567382812e-01 -2.482289820909500122e-01 1.893557757139205933e-01 -4.003448877483606339e-03 9.996327161788940430e-01 -1.886942796409130096e-02 -1.903641596436500549e-02
-1.761126816272735596e-01 -2.466457486152648926e-01 1.887021660804748535e-01 -3.795692464336752892e-03 9.996733665466308594e-01 -1.778662204742431641e-02 -1.795473881065845490e-02
-1.792325079441070557e-01 -2.462360262870788574e-01 1.880413889884948730e-01 -3.597927745431661606e-03 9.997096657752990723e-01 -1.676115393638610840e-02 -1.693063601851463318e-02
-1.823305338621139526e-01 -2.458299547433853149e-01 1.873826384544372559e-01 -3.408209886401891708e-03 9.997420907020568848e-01 -1.579263806343078613e-02 -1.596203446388244629e-02
-1.854034662246704102e-01 -2.454289644956588745e-01 1.867244094610214233e-01 -3.226693719625473022e-03 9.997708797454833984e-01 -1.487714052200317383e-02 -1.504629012197256088e-02
-1.884475350379943848e-01 -2.450341582298278809e-01 1.860658228397369385e-01 -3.054807195439934731e-03 9.997965693473815918e-01 -1.401209738105535507e-02 -1.418062765151262283e-02
-1.914591044187545776e-01 -2.446480095386505127e-01 1.854059696197509766e-01 -2.890352625399827957e-03 9.998194575309753418e-01 -1.319417357444763184e-02 -1.336249615997076035e-02
-1.944354623556137085e-01 -2.442727088928222656e-01 1.847438365221023560e-01 -2.733890898525714874e-03 9.998398423194885254e-01 -1.242276933044195175e-02 -1.259047165513038635e-02
-1.973713785409927368e-01 -2.439104020595550537e-01 1.840772330760955811e-01 -2.584913745522499084e-03 9.998579025268554688e-01 -1.169455051422119141e-02 -1.186147704720497131e-02
-2.002587765455245972e-01 -2.435615360736846924e-01 1.834023147821426392e-01 -2.445507794618606567e-03 9.998740553855895996e-01 -1.100489404052495956e-02 -1.117096934467554092e-02
-2.030993103981018066e-01 -2.432317882776260376e-01 1.827200055122375488e-01 -2.313384320586919785e-03 9.998883605003356934e-01 -1.035571005195379257e-02 -1.052134763449430466e-02
-2.058849036693572998e-01 -2.429238557815551758e-01 1.820271164178848267e-01 -2.185839926823973656e-03 9.999010562896728516e-01 -9.743153117597103119e-03 -9.907409548759460449e-03
-2.086119055747985840e-01 -2.426395416259765625e-01 1.813210397958755493e-01 -2.065852517262101173e-03 9.999123811721801758e-01 -9.164631366729736328e-03 -9.328051470220088959e-03
-2.112774401903152466e-01 -2.423832565546035767e-01 1.806004047393798828e-01 -1.952391583472490311e-03 9.999223947525024414e-01 -8.618324995040893555e-03 -8.781698532402515411e-03
-2.138814777135848999e-01 -2.421584129333496094e-01 1.798647493124008179e-01 -1.844306476414203644e-03 9.999312758445739746e-01 -8.104354143142700195e-03 -8.267248049378395081e-03
-2.164229899644851685e-01 -2.419678270816802979e-01 1.791127920150756836e-01 -1.742100226692855358e-03 9.999391436576843262e-01 -7.620513439178466797e-03 -7.782877422869205475e-03
-2.189004421234130859e-01 -2.418138235807418823e-01 1.783441454172134399e-01 -1.646027201786637306e-03 9.999461770057678223e-01 -7.162689231336116791e-03 -7.325578946620225906e-03
-2.213205397129058838e-01 -2.416997700929641724e-01 1.775601208209991455e-01 -1.554100424982607365e-03 9.999523162841796875e-01 -6.733297370374202728e-03 -6.896046455949544907e-03
-2.236835807561874390e-01 -2.416263967752456665e-01 1.767619997262954712e-01 -1.467827009037137032e-03 9.999578595161437988e-01 -6.327569019049406052e-03 -6.490657571703195572e-03
-2.259962558746337891e-01 -2.415957152843475342e-01 1.759531199932098389e-01 -1.384699367918074131e-03 9.999626874923706055e-01 -5.945444572716951370e-03 -6.109061185270547867e-03
-2.282628566026687622e-01 -2.416066527366638184e-01 1.751355081796646118e-01 -1.308734528720378876e-03 9.999670386314392090e-01 -5.584359169006347656e-03 -5.749078933149576187e-03
-2.304912805557250977e-01 -2.416604310274124146e-01 1.743155568838119507e-01 -1.236781128682196140e-03 9.999708533287048340e-01 -5.244970321655273438e-03 -5.409917794167995453e-03
-2.326886206865310669e-01 -2.417565733194351196e-01 1.734995692968368530e-01 -1.168550923466682434e-03 9.999742507934570312e-01 -4.925996065139770508e-03 -5.091601517051458359e-03
-2.348591983318328857e-01 -2.418942153453826904e-01 1.726939678192138672e-01 -1.103970105759799480e-03 9.999772310256958008e-01 -4.624992143362760544e-03 -4.791870713233947754e-03
-2.370092719793319702e-01 -2.420722693204879761e-01 1.719070523977279663e-01 -1.042361604049801826e-03 9.999798536300659180e-01 -4.341274499893188477e-03 -4.510392900556325912e-03
-2.391440272331237793e-01 -2.422880977392196655e-01 1.711464226245880127e-01 -9.848370682448148727e-04 9.999821782112121582e-01 -4.075825214385986328e-03 -4.244673997163772583e-03
-2.412677109241485596e-01 -2.425410449504852295e-01 1.704208999872207642e-01 -9.304150589741766453e-04 9.999842643737792969e-01 -3.825336461886763573e-03 -3.995089791715145111e-03
-2.433845400810241699e-01 -2.428286373615264893e-01 1.697378903627395630e-01 -8.796858601272106171e-04 9.999861121177673340e-01 -3.589570289477705956e-03 -3.759910585358738899e-03
-2.454995363950729370e-01 -2.431500256061553955e-01 1.691054403781890869e-01 -8.314600563608109951e-04 9.999877214431762695e-01 -3.367900615558028221e-03 -3.539049997925758362e-03
-2.476162910461425781e-01 -2.435034066438674927e-01 1.685313731431961060e-01 -7.859717588871717453e-04 9.999891519546508789e-01 -3.159940242767333984e-03 -3.331184154376387596e-03
-2.497354596853256226e-01 -2.438862919807434082e-01 1.680253297090530396e-01 -7.433241116814315319e-04 9.999904036521911621e-01 -2.964168787002563477e-03 -3.135238075628876686e-03
-2.518545389175415039e-01 -2.442953437566757202e-01 1.676015853881835938e-01 -7.035235175862908363e-04 9.999915361404418945e-01 -2.779364585876464844e-03 -2.950371010228991508e-03
-2.539689242839813232e-01 -2.447266280651092529e-01 1.672801375389099121e-01 -6.652279407717287540e-04 9.999925494194030762e-01 -2.606540918350219727e-03 -2.777041634544730186e-03
-2.560679316520690918e-01 -2.451729923486709595e-01 1.670830100774765015e-01 -6.285425624810159206e-04 9.999933838844299316e-01 -2.444892888888716698e-03 -2.614141674712300301e-03
-2.581380903720855713e-01 -2.456278204917907715e-01 1.670319736003875732e-01 -5.931161576882004738e-04 9.999941587448120117e-01 -2.293050289154052734e-03 -2.460978459566831589e-03
-2.601654827594757080e-01 -2.460837960243225098e-01 1.671446263790130615e-01 -5.591866793110966682e-04 9.999948740005493164e-01 -2.150446176528930664e-03 -2.316646743565797806e-03
-2.621371746063232422e-01 -2.465352118015289307e-01 1.674332767724990845e-01 -5.266194348223507404e-04 9.999954700469970703e-01 -2.016484504565596581e-03 -2.180783078074455261e-03
-2.640419900417327881e-01 -2.469774782657623291e-01 1.679038405418395996e-01 -4.954111645929515362e-04 9.999960064888000488e-01 -1.890838029794394970e-03 -2.052872208878397942e-03
-2.658702433109283447e-01 -2.474073320627212524e-01 1.685563176870346069e-01 -4.658520047087222338e-04 9.999964237213134766e-01 -1.772791147232055664e-03 -1.932213897816836834e-03
-2.676153779029846191e-01 -2.478229701519012451e-01 1.693871617317199707e-01 -4.370263486634939909e-04 9.999968409538269043e-01 -1.662135007791221142e-03 -1.819283934310078621e-03
-2.692719697952270508e-01 -2.482229769229888916e-01 1.703874021768569946e-01 -4.096449702046811581e-04 9.999972581863403320e-01 -1.558393007144331932e-03 -1.712916884571313858e-03
-2.708384394645690918e-01 -2.486077845096588135e-01 1.715470850467681885e-01 -3.828296612482517958e-04 9.999975562095642090e-01 -1.461118459701538086e-03 -1.613251166418194771e-03
-2.723138332366943359e-01 -2.489776611328125000e-01 1.728538870811462402e-01 -3.576744056772440672e-04 9.999978542327880859e-01 -1.369476318359375000e-03 -1.519929617643356323e-03
-2.736995816230773926e-01 -2.493341118097305298e-01 1.742953658103942871e-01 -3.330416802782565355e-04 9.999980926513671875e-01 -1.283764722757041454e-03 -1.432230114005506039e-03
-2.749980390071868896e-01 -2.496796697378158569e-01 1.758591830730438232e-01 -3.090571844950318336e-04 9.999983310699462891e-01 -1.202970626763999462e-03 -1.350262435153126717e-03
-2.762125432491302490e-01 -2.500156760215759277e-01 1.775325536727905273e-01 -2.866508148144930601e-04 9.999985098838806152e-01 -1.127153635025024414e-03 -1.273350673727691174e-03
-2.773471474647521973e-01 -2.503452003002166748e-01 1.793042570352554321e-01 -2.652085968293249607e-04 9.999986886978149414e-01 -1.055985689163208008e-03 -1.201297622174024582e-03
-2.784060239791870117e-01 -2.506703734397888184e-01 1.811636984348297119e-01 -2.452237531542778015e-04 9.999988675117492676e-01 -9.891390800476074219e-04 -1.133930985815823078e-03
-2.793935835361480713e-01 -2.509939670562744141e-01 1.831011325120925903e-01 -2.260343026136979461e-04 9.999989867210388184e-01 -9.264051332138478756e-04 -1.070976722985506058e-03
-2.803137302398681641e-01 -2.513180971145629883e-01 1.851080060005187988e-01 -2.082720602629706264e-04 9.999991059303283691e-01 -8.674859418533742428e-04 -1.011818530969321728e-03
-2.811705768108367920e-01 -2.516445815563201904e-01 1.871766448020935059e-01 -1.919275673571974039e-04 9.999991655349731445e-01 -8.132159127853810787e-04 -9.554601856507360935e-04
-2.819691598415374756e-01 -2.519751787185668945e-01 1.893012225627899170e-01 -1.756988494889810681e-04 9.999992847442626953e-01 -7.614492787979543209e-04 -9.040538570843636990e-04
-2.827126979827880859e-01 -2.523103654384613037e-01 1.914756596088409424e-01 -1.608850579941645265e-04 9.999993443489074707e-01 -7.128119468688964844e-04 -8.556740940548479557e-04
-2.834050953388214111e-01 -2.526510953903198242e-01 1.936956048011779785e-01 -1.466930116293951869e-04 9.999994635581970215e-01 -6.670951261185109615e-04 -8.103918517008423805e-04
-2.840506136417388916e-01 -2.529969811439514160e-01 1.959575712680816650e-01 -1.331843232037499547e-04 9.999995231628417969e-01 -6.241500377655029297e-04 -7.682780269533395767e-04
-2.846517264842987061e-01 -2.533470690250396729e-01 1.982571780681610107e-01 -1.210679547511972487e-04 9.999995827674865723e-01 -5.840062513016164303e-04 -7.280068821273744106e-04
-2.852127552032470703e-01 -2.537011504173278809e-01 2.005923837423324585e-01 -1.097117274184711277e-04 9.999995827674865723e-01 -5.467236042022705078e-04 -6.903885514475405216e-04
-2.857358753681182861e-01 -2.540583014488220215e-01 2.029606699943542480e-01 -9.923325706040486693e-05 9.999996423721313477e-01 -5.114078521728515625e-04 -6.550841499119997025e-04
-2.862250208854675293e-01 -2.544181346893310547e-01 2.053600698709487915e-01 -8.891233301255851984e-05 9.999997019767761230e-01 -4.788637452293187380e-04 -6.222626543603837490e-04
-2.866819202899932861e-01 -2.547789216041564941e-01 2.077886015176773071e-01 -7.919076597318053246e-05 9.999997019767761230e-01 -4.483461380004882812e-04 -5.911607877351343632e-04
-2.871091961860656738e-01 -2.551398873329162598e-01 2.102441489696502686e-01 -6.941909668967127800e-05 9.999997615814208984e-01 -4.197359085083007812e-04 -5.620795418508350849e-04
-2.875086367130279541e-01 -2.554996013641357422e-01 2.127250730991363525e-01 -6.133355054771527648e-05 9.999997615814208984e-01 -3.926157660316675901e-04 -5.346547113731503487e-04
-2.878831028938293457e-01 -2.558570504188537598e-01 2.152296751737594604e-01 -5.393855099100619555e-05 9.999998211860656738e-01 -3.674328327178955078e-04 -5.091696511954069138e-04
-2.882338464260101318e-01 -2.562116086483001709e-01 2.177564501762390137e-01 -4.477311085793189704e-05 9.999998211860656738e-01 -3.439783758949488401e-04 -4.850953700952231884e-04
-2.885624170303344727e-01 -2.565619051456451416e-01 2.203030735254287720e-01 -3.760134859476238489e-05 9.999998211860656738e-01 -3.217757039237767458e-04 -4.624856519512832165e-04
-2.888711094856262207e-01 -2.569065690040588379e-01 2.228688746690750122e-01 -2.974785456899553537e-05 9.999998807907104492e-01 -3.014206886291503906e-04 -4.413839487824589014e-04
-2.891618311405181885e-01 -2.572445869445800781e-01 2.254517227411270142e-01 -2.240914909634739161e-05 9.999998807907104492e-01 -2.831518650054931641e-04 -4.218755930196493864e-04
-2.894336283206939697e-01 -2.575745880603790283e-01 2.280487567186355591e-01 -1.642463030293583870e-05 9.999998807907104492e-01 -2.647936344146728516e-04 -4.026771639473736286e-04
-2.896908521652221680e-01 -2.578960061073303223e-01 2.306605428457260132e-01 -9.372523891215678304e-06 9.999998807907104492e-01 -2.484321303199976683e-04 -3.853403613902628422e-04
-2.899323701858520508e-01 -2.582068741321563721e-01 2.332834452390670776e-01 -4.485249519348144531e-06 9.999998807907104492e-01 -2.327263209735974669e-04 -3.687519929371774197e-04
-2.901607155799865723e-01 -2.585065662860870361e-01 2.359165847301483154e-01 9.975773309633950703e-07 9.999999403953552246e-01 -2.181231830036267638e-04 -3.530232352204620838e-04
-2.903780043125152588e-01 -2.587938904762268066e-01 2.385583370923995972e-01 6.290508736128685996e-06 9.999999403953552246e-01 -2.051293558906763792e-04 -3.385705931577831507e-04
-2.905828058719635010e-01 -2.590672671794891357e-01 2.412060201168060303e-01 9.140086149272974581e-06 9.999999403953552246e-01 -1.919269416248425841e-04 -3.243317187298089266e-04
-2.907780706882476807e-01 -2.593263685703277588e-01 2.438586354255676270e-01 1.365586558677023277e-05 9.999999403953552246e-01 -1.796781871234998107e-04 -3.109764948021620512e-04
-2.909663915634155273e-01 -2.595702707767486572e-01 2.465153634548187256e-01 1.999994856305420399e-05 9.999999403953552246e-01 -1.697838160907849669e-04 -2.992818481288850307e-04
-2.911457121372222900e-01 -2.597973346710205078e-01 2.491720318794250488e-01 2.428256811981555074e-05 9.999999403953552246e-01 -1.592039916431531310e-04 -2.873461926355957985e-04
-2.913187146186828613e-01 -2.600060105323791504e-01 2.518274486064910889e-01 2.587247763585764915e-05 9.999999403953552246e-01 -1.496374607086181641e-04 -2.758758491836488247e-04
-2.914861440658569336e-01 -2.601967453956604004e-01 2.544805705547332764e-01 2.951561873487662524e-05 9.999999403953552246e-01 -1.403987407684326172e-04 -2.650946844369173050e-04
-2.916492819786071777e-01 -2.603686153888702393e-01 2.571284174919128418e-01 3.302743789390660822e-05 9.999999403953552246e-01 -1.318454742431640625e-04 -2.550978097133338451e-04
-2.918091714382171631e-01 -2.605207264423370361e-01 2.597695887088775635e-01 3.611842112150043249e-05 9.999999403953552246e-01 -1.240968849742785096e-04 -2.455717476550489664e-04
-2.919667959213256836e-01 -2.606525123119354248e-01 2.624017000198364258e-01 3.942225157516077161e-05 9.999999403953552246e-01 -1.166462898254394531e-04 -2.369725843891501427e-04
-2.921225130558013916e-01 -2.607634067535400391e-01 2.650226354598999023e-01 4.260886271367780864e-05 9.999999403953552246e-01 -1.096725536626763642e-04 -2.282280911458656192e-04
-2.922780811786651611e-01 -2.608526647090911865e-01 2.676299214363098145e-01 4.534750769380480051e-05 9.999999403953552246e-01 -1.034736560541205108e-04 -2.201367460656911135e-04
-2.924330532550811768e-01 -2.609206438064575195e-01 2.702209949493408203e-01 4.764601908391341567e-05 1.000000000000000000e+00 -9.676814079284667969e-05 -2.120566350640729070e-04
-2.925895452499389648e-01 -2.609666585922241211e-01 2.727944254875183105e-01 5.066554876975715160e-05 1.000000000000000000e+00 -9.095669520320370793e-05 -2.045332803390920162e-04
-2.927489280700683594e-01 -2.609907090663909912e-01 2.753472328186035156e-01 5.358559428714215755e-05 1.000000000000000000e+00 -8.618832362117245793e-05 -1.976783387362957001e-04
-2.929113209247589111e-01 -2.609921991825103760e-01 2.778766751289367676e-01 5.656109715346246958e-05 1.000000000000000000e+00 -8.186696504708379507e-05 -1.910398714244365692e-04
-2.930770218372344971e-01 -2.609708309173583984e-01 2.803798615932464600e-01 5.874091584701091051e-05 1.000000000000000000e+00 -7.712841033935546875e-05 -1.842977217165753245e-04
-2.932476103305816650e-01 -2.609266638755798340e-01 2.828541696071624756e-01 6.074729026295244694e-05 1.000000000000000000e+00 -7.238984835566952825e-05 -1.779352896846830845e-04
-2.934238314628601074e-01 -2.608600556850433350e-01 2.852967381477355957e-01 6.280010711634531617e-05 1.000000000000000000e+00 -6.785989535273984075e-05 -1.718501880532130599e-04
-2.936069667339324951e-01 -2.607710063457489014e-01 2.877042591571807861e-01 6.500987365143373609e-05 1.000000000000000000e+00 -6.380677950801327825e-05 -1.662816939642652869e-04
-2.937974929809570312e-01 -2.606596648693084717e-01 2.900726199150085449e-01 6.663516251137480140e-05 1.000000000000000000e+00 -6.037950515747070312e-05 -1.607613958185538650e-04
-2.939949631690979004e-01 -2.605275511741638184e-01 2.923973500728607178e-01 6.832497456343844533e-05 1.000000000000000000e+00 -5.650521052302792668e-05 -1.553968904772773385e-04
-2.942005693912506104e-01 -2.603760957717895508e-01 2.946746051311492920e-01 7.033972360659390688e-05 1.000000000000000000e+00 -5.385279655456542969e-05 -1.508443529019132257e-04
-2.944124639034271240e-01 -2.602074146270751953e-01 2.968986332416534424e-01 7.161812391132116318e-05 1.000000000000000000e+00 -5.140900611877441406e-05 -1.460835919715464115e-04
-2.946292757987976074e-01 -2.600257396697998047e-01 2.990663945674896240e-01 7.302989979507401586e-05 1.000000000000000000e+00 -4.860758781433105469e-05 -1.415071164956316352e-04
-2.948487401008605957e-01 -2.598342001438140869e-01 3.011750280857086182e-01 7.424935756716877222e-05 1.000000000000000000e+00 -4.565715789794921875e-05 -1.370445534121245146e-04
-2.950698435306549072e-01 -2.596358060836791992e-01 3.032222688198089600e-01 7.503336382796987891e-05 1.000000000000000000e+00 -4.291534060030244291e-05 -1.326596393482759595e-04
-2.952904701232910156e-01 -2.594339251518249512e-01 3.052065074443817139e-01 7.581309182569384575e-05 1.000000000000000000e+00 -4.047155380249023438e-05 -1.284020254388451576e-04
-2.955096960067749023e-01 -2.592306435108184814e-01 3.071261942386627197e-01 7.619436655659228563e-05 1.000000000000000000e+00 -3.850460052490234375e-05 -1.243664301000535488e-04
-2.957259118556976318e-01 -2.590278983116149902e-01 3.089803457260131836e-01 7.661931158509105444e-05 1.000000000000000000e+00 -3.677606582641601562e-05 -1.203811989398673177e-04
-2.959379553794860840e-01 -2.588281035423278809e-01 3.107680976390838623e-01 7.693727820878848433e-05 1.000000000000000000e+00 -3.468989598331972957e-05 -1.167709924629889429e-04
-2.961452901363372803e-01 -2.586317956447601318e-01 3.124893903732299805e-01 7.742047455394640565e-05 1.000000000000000000e+00 -3.314017885713838041e-05 -1.132292381953448057e-04
